493 373
914 148
885 283
812 359
973 168
652 71
204 540
490 320
648 196
553 313
496 49
529 368
32 433
531 330
332 287
600 543
403 35
664 434
256 368
674 458
495 571
147 162
608 503
67 566
331 112
708 131
171 107
846 191
359 176
441 451
674 563
410 277
534 100
264 236
368 494
753 567
83 211
457 17
433 200
682 402
39 42
405 202
446 21
305 252
447 477
471 388
761 112
18 219
770 365
819 242
35 546
896 505
372 527
541 461
771 259
463 193
512 551
912 12
934 352
657 497
857 530
242 284
824 130
652 416
432 356
630 509
942 456
317 240
777 116
97 290
975 145
258 238
243 33
263 14
205 485
377 37
943 550
498 237
769 387
263 330
520 466
484 60
398 434
675 485
473 564
623 80
147 412
834 151
865 132
381 227
912 238
30 213
272 314
445 48
573 258
142 433
497 373
453 60
241 355
885 104
715 308
60 374
127 66
66 154
886 418
956 377
100 374
556 24
329 195
389 378
525 180
889 165
967 292
651 106
289 332
736 313
783 366
680 106
585 367
797 192
167 371
91 430
558 148
531 14
464 89
683 358
345 25
825 550
813 310
258 118
831 430
1000 28
604 273
504 382
324 531
478 247
953 131
569 62
32 120
217 350
914 30
379 207
371 385
389 100
578 568
104 491
455 378
1003 208
602 50
147 279
706 560
232 472
10 192
910 125
796 338
428 249
922 338
868 151
905 368
296 407
719 363
791 349
399 406
132 380
123 544
822 26
636 174
228 376
750 352
578 572
83 132
158 212
707 432
198 182
182 342
913 316
785 477
889 435
321 211
85 328
36 463
1005 439
856 580
132 157
189 472
54 36
610 130
172 228
133 173
747 516
755 155
30 208
187 78
703 503
755 447
684 198
590 173
357 127
820 442
950 265
93 167
255 264
110 277
754 422
688 57
368 119
980 517
882 240
212 533
490 447
192 563
573 304
761 272
46 70
314 443
488 208
894 531
841 470
66 526
62 413
915 576
16 358
719 423
880 104
221 331
712 517
363 351
1005 45
114 407
684 325
941 346
565 41
811 159
578 266
980 557
365 258
960 201
692 233
13 203
348 326
761 43
458 583
244 79
228 172
333 472
516 324
899 185
928 276
466 438
325 184
44 210
163 135
882 47
502 355
246 434
25 513
806 347
30 25
841 138
143 474
981 257
348 583
635 152
413 514
681 556
366 332
323 295
624 332
199 564
996 321
872 357
267 55
398 344
546 285
526 414
233 247
243 547
289 433
671 436
794 36
255 226
56 173
505 398
598 426
701 180
960 374
433 161
153 231
498 72
886 142
283 264
349 311
514 540
219 257
155 105
516 217
72 224
799 416
146 457
96 573
810 578
319 164
101 365
889 399
147 65
358 485
712 492
847 295
160 362
390 258
973 574
536 362
292 20
437 409
551 34
100 103
323 345
422 506
863 556
834 136
905 434
254 106
793 240
742 373
65 108
84 224
852 427
899 468
770 352
397 486
684 109
580 561
807 419
246 152
132 386
498 12
170 472
554 327
748 81
731 468
247 486
667 433
250 101
142 348
800 194
239 403
846 412
310 319
555 38
226 388
530 322
540 399
452 80
477 86
208 414
908 79
758 69
449 393
43 402
922 187
940 156
66 461
714 134
422 554
822 406
852 325
268 496
946 102
384 438
734 466
451 138
22 333
120 211
116 107
872 214
738 364
18 38
580 92
75 186
896 481
466 169
228 308
122 518
268 396
496 160
989 388
463 561
55 69
296 194
558 541
23 32
878 506
994 145
584 544
279 399
861 320
131 245
293 223
81 193
570 133
378 470
339 49
388 231
319 218
375 22
666 395
987 487
250 426
900 488
869 526
213 410
659 444
637 222
407 573
248 275
111 165
434 216
362 190
575 226
320 27
293 156
243 438
428 478
1000 430
222 415
247 268
422 383
589 60
753 534
593 583
868 328
522 542
884 283
859 312
300 295
388 320
64 491
687 249
19 369
556 516
460 216
487 189
683 76
836 359
52 445
257 407
947 270
957 471
478 262
193 217
895 278
265 405
27 449
266 484
538 488
98 182
599 198
775 292
637 183
538 39
779 581
343 389
468 384
460 559
100 390
618 192
49 301
848 17
650 406
13 315
831 490
85 421
587 431
532 118
209 518
647 230
679 332
613 531
190 225
908 517
541 280
179 272
228 295
637 485
40 354
880 10
572 286
121 521
639 299
202 319
537 525
731 497
734 322
181 562
316 124
108 559
434 37
342 305
209 110
354 188
444 579
851 296
98 192
74 570
439 445
400 464
19 426
90 242
374 162
492 284
175 298
362 11
698 255
165 396
578 95
887 557
728 179
933 120
609 86
297 183
177 160
919 82
644 189
681 489
95 524
523 531
588 31
770 313
563 255
12 380
429 282
979 179
616 205
717 560
818 145
171 551
607 379
922 454
994 353
167 239
595 539
254 280
469 301
288 11
935 291
989 61
174 316
260 188
782 102
829 541
886 72
334 523
985 139
642 340
678 335
967 116
314 339
274 191
144 144
711 351
754 155
182 162
570 214
453 148
393 252
771 126
181 196
671 505
259 373
48 148
858 413
944 163
55 388
930 547
596 119
13 121
243 132
96 475
607 195
64 391
806 300
98 501
914 321
968 152
818 265
845 391
766 292
826 11
906 63
831 201
220 444
750 186
929 168
171 77
290 272
274 373
960 548
818 389
873 294
866 552
621 569
349 393
402 78
107 529
750 117
629 460
516 41
249 126
45 295
799 134
466 233
246 460
181 536
203 66
748 544
723 545
678 142
656 388
65 496
287 497
516 62
601 163
115 184
376 448
84 54
305 367
67 244
871 57
429 256
196 26
41 470
446 327
805 89
773 560
759 47
421 187
712 21
206 514
686 201
797 414
651 532
135 104
468 23
777 546
974 13
53 68
627 297
628 83
495 265
122 533
280 281
508 557
379 224
713 70
190 447
649 408
431 420
375 336
604 403
770 284
860 442
411 462
137 476
819 113
259 343
782 41
298 355
346 488
899 249
636 567
388 363
745 255
884 477
612 214
11 462
885 284
24 579
257 224
154 446
685 376
831 381
842 567
655 169
700 304
66 360
462 268
520 262
167 329
146 104
790 33
59 197
998 217
790 218
136 246
230 176
251 33
186 28
1005 447
100 235
294 178
860 446
430 308
857 532
602 435
270 169
134 523
886 105
223 131
207 578
518 141
74 153
313 465
757 502
992 515
843 79
833 488
856 127
902 387
834 421
615 284
795 444
167 519
616 536
260 27
640 181
75 449
362 71
865 78
521 407
790 57
961 440
886 573
864 163
433 50
194 196
540 164
531 296
490 344
73 488
865 360
263 101
322 158
223 304
639 66
863 150
923 20
35 65
544 555
499 542
416 375
839 93
497 367
559 377
417 209
552 70
239 280
41 533
335 238
564 404
818 537
303 563
74 133
532 304
52 11
490 447
619 573
240 80
599 84
918 231
405 476
196 18
183 200
20 183
391 543
388 138
906 296
849 217
919 318
493 106
311 356
255 444
292 82
781 283
268 543
801 189
71 377
131 355
129 78
583 412
626 280
544 281
556 240
411 160
674 174
266 42
782 547
650 447
906 164
779 525
112 232
581 306
476 75
247 174
834 189
935 337
776 125
891 34
772 271
627 244
25 188
329 537
228 501
776 353
388 128
46 361
38 580
493 123
233 318
13 205
546 446
427 538
246 148
393 256
439 494
442 18
727 516
165 406
645 527
823 505
395 52
348 335
390 115
837 110
477 318
586 502
612 11
83 81
69 359
771 307
391 566
782 524
800 443
808 348
783 103
297 206
319 300
505 350
302 562
228 576
90 503
616 390
561 291
376 401
70 536
33 325
179 22
395 433
737 359
243 15
733 215
517 180
996 491
657 85
263 144
971 513
513 320
947 315
185 528
678 249
288 413
607 415
421 578
341 54
104 44
497 388
935 19
864 503
16 87
52 551
304 237
523 441
429 547
865 322
611 462
679 388
153 134
262 465
187 232
627 63
998 317
103 264
117 175
686 409
387 343
223 56
576 439
483 292
35 243
353 310
790 174
440 160
217 248
412 174
200 465
586 319
62 418
33 107
471 339
123 417
272 466
443 418
66 534
667 306
93 479
638 62
946 61
641 116
675 576
383 186
987 257
967 237
393 409
43 256
533 16
536 12
482 543
547 375
640 128
460 268
52 453
510 250
910 115
977 386
24 385
278 146
67 397
875 139
63 456
138 544
974 57
376 108
468 548
818 92
872 320
735 438
114 253
818 275
135 209
508 47
893 387
65 59
926 304
315 414
752 322
561 387
22 94
84 541
595 542
412 472
995 148
371 49
130 179
32 331
722 140
315 545
222 299
553 300
214 530
36 352
216 418
590 385
349 224
538 308
391 140
310 42
911 272
393 251
604 143
201 568
857 114
919 539
787 297
125 579
239 134
862 426
569 251
583 53
941 152
677 395
965 130
696 143
483 256
816 582
410 131
312 411
428 103
244 221
522 204
116 547
341 146
