474 55
31 551
434 67
101 354
421 449
243 459
243 549
255 186
970 503
140 379
214 323
91 145
899 224
133 447
793 406
107 478
729 255
184 99
917 85
155 41
867 353
622 572
514 206
177 154
389 379
592 303
966 412
582 403
94 20
516 361
150 381
889 450
493 117
937 113
333 156
727 466
384 218
128 400
46 377
282 121
513 483
929 446
371 27
327 111
205 113
167 36
202 301
48 286
27 189
83 349
971 524
454 251
59 268
73 320
778 193
350 223
43 21
748 152
769 506
769 232
654 298
63 102
806 482
445 172
71 350
88 578
233 159
217 197
935 60
127 60
535 279
902 84
732 106
962 485
465 61
294 219
406 139
869 521
359 438
860 38
736 203
368 77
226 26
992 517
765 519
773 68
572 14
852 87
148 358
623 294
287 443
546 341
169 155
720 523
547 302
849 370
347 166
72 21
696 283
629 580
82 103
659 182
895 196
852 373
147 404
471 128
291 501
938 10
251 78
799 238
61 491
977 448
684 44
792 411
927 404
740 285
721 462
558 353
809 298
398 367
785 140
205 538
782 118
351 286
620 477
726 140
696 121
820 39
650 454
659 222
15 264
566 521
776 536
90 538
433 181
360 117
253 388
193 359
523 357
882 432
588 324
639 383
294 148
563 173
969 435
341 42
599 56
534 579
845 425
779 581
924 271
395 325
598 507
110 486
26 484
84 278
499 70
793 241
81 72
473 550
476 538
929 360
615 143
188 175
822 304
717 329
920 34
901 389
515 493
539 393
818 208
966 365
240 321
925 59
933 341
266 462
110 189
302 463
476 175
164 55
272 549
943 43
728 27
610 521
674 296
600 77
666 574
708 344
148 368
42 277
850 575
389 578
317 142
580 85
992 93
906 526
439 495
356 48
597 564
310 196
13 63
662 110
294 35
399 114
741 12
418 101
559 285
450 341
312 542
484 66
588 295
388 432
62 557
93 466
604 203
905 153
127 89
190 59
755 280
834 89
841 126
986 442
953 266
175 568
364 530
309 191
863 48
873 195
335 92
479 473
184 477
450 290
769 452
544 252
43 492
999 178
449 94
183 19
323 150
486 490
827 375
453 493
386 292
434 182
111 503
554 408
196 436
418 126
538 444
468 200
158 448
360 543
274 561
904 223
711 303
178 380
1000 382
51 89
852 308
922 47
373 247
73 372
379 550
430 559
267 31
393 344
184 126
923 342
111 30
30 387
956 101
259 574
650 388
164 146
686 256
283 496
461 45
523 175
658 522
731 169
746 482
166 187
693 556
362 283
735 490
521 482
411 19
469 229
901 301
381 499
614 539
545 456
911 445
889 500
916 354
314 508
483 338
490 432
383 212
875 468
975 374
627 40
991 422
345 362
544 41
382 268
284 438
211 319
890 344
504 264
458 478
210 522
112 48
16 290
366 83
428 283
106 123
625 413
966 563
888 422
510 218
566 339
96 403
725 527
691 58
530 25
941 309
985 506
334 81
442 346
707 377
936 350
820 349
805 366
270 120
278 97
862 59
310 556
515 249
759 363
162 46
173 572
1004 255
54 275
975 123
934 62
341 72
394 320
254 165
845 489
870 55
120 351
781 177
590 304
279 162
320 461
537 209
438 125
466 360
859 362
878 583
26 545
565 399
198 66
513 540
79 169
980 129
934 437
439 415
955 460
692 396
53 347
503 203
749 223
793 435
229 34
223 571
629 255
485 25
343 281
685 30
279 314
511 367
329 194
636 480
482 348
378 398
536 227
836 323
744 153
712 23
42 357
122 495
538 145
393 495
579 73
277 440
641 247
967 126
472 578
153 83
910 62
383 369
306 72
469 301
666 438
918 549
15 481
354 562
542 553
329 41
639 571
794 576
129 277
69 413
267 463
450 528
563 133
361 377
947 577
734 158
906 565
220 392
590 333
288 87
56 426
988 501
38 172
791 562
366 361
658 50
893 53
624 338
836 464
144 119
789 383
298 472
428 547
514 409
904 398
965 181
234 186
550 403
557 582
329 127
20 355
530 182
990 153
267 156
37 390
511 73
183 115
420 136
63 563
444 531
552 29
901 201
184 382
949 302
611 391
559 322
84 577
438 309
62 179
719 502
927 469
896 331
775 109
536 235
150 166
779 48
207 58
382 546
870 415
943 559
508 266
11 134
489 540
561 154
50 471
621 277
330 219
822 513
652 63
917 155
157 260
398 560
118 15
566 321
10 535
449 225
989 342
85 58
800 365
924 16
741 22
642 191
881 297
74 132
641 441
234 151
505 53
58 582
227 398
587 468
32 364
726 556
390 41
398 577
272 555
935 231
686 283
63 381
860 523
999 503
23 529
198 247
599 112
46 212
771 313
955 265
563 529
718 371
391 182
43 131
258 531
570 302
374 180
410 383
581 352
633 415
460 122
942 452
978 479
780 307
516 91
370 49
319 548
848 511
24 524
187 47
683 400
120 283
205 21
109 30
673 542
284 243
389 261
11 52
113 105
935 113
425 86
604 545
212 478
188 518
241 520
408 471
26 476
796 247
789 409
907 433
382 451
494 195
316 525
953 33
111 169
33 390
15 38
94 43
983 406
354 98
547 114
963 427
106 477
615 485
482 105
256 86
612 175
530 423
70 92
171 485
273 165
687 245
652 391
407 447
953 412
678 303
418 102
968 513
302 558
314 289
1003 89
544 374
215 385
281 526
456 76
437 467
548 467
988 581
720 562
654 69
55 562
76 323
872 257
888 232
525 581
774 60
666 51
962 496
210 220
62 476
591 40
370 99
438 69
157 354
572 289
651 20
43 525
990 503
586 333
984 178
978 79
458 572
894 401
425 295
483 505
665 71
876 294
111 41
212 579
292 148
54 548
305 133
564 239
903 435
76 194
160 475
388 172
517 298
853 530
285 348
323 352
308 161
880 318
413 163
578 326
770 345
542 42
620 527
269 268
75 417
152 323
133 465
743 520
717 223
487 345
831 92
847 145
985 332
453 184
718 514
917 535
558 539
462 491
383 14
439 201
806 376
663 477
26 174
565 19
742 55
639 530
837 49
611 129
117 126
958 197
990 143
222 79
236 464
544 329
230 76
968 471
469 43
871 282
777 527
132 176
386 393
990 457
156 536
784 144
485 219
919 49
520 61
842 33
640 427
111 400
268 455
722 517
609 401
126 35
927 88
803 90
919 71
275 78
298 454
163 424
701 533
76 24
42 163
712 108
203 556
287 247
877 535
182 255
420 552
691 444
456 63
399 276
270 69
349 470
708 138
245 185
329 355
369 420
134 403
864 263
799 25
698 143
895 264
980 484
82 251
481 37
68 450
728 178
528 230
797 31
404 531
464 28
178 154
995 393
809 539
540 263
829 322
186 279
17 534
937 556
736 106
368 254
196 62
36 230
72 69
776 389
690 206
104 474
968 428
991 72
777 105
287 520
589 470
152 575
533 550
436 204
326 471
887 533
795 453
62 554
651 13
238 518
972 349
944 474
256 274
459 325
289 36
538 368
113 58
219 499
595 247
730 11
194 557
338 240
440 296
751 520
132 151
251 423
146 445
783 433
32 432
330 253
883 18
930 129
374 145
458 413
619 153
784 98
704 123
697 301
337 286
134 457
256 274
309 93
554 358
695 184
233 106
718 413
708 213
12 503
696 566
29 312
552 495
27 10
751 69
299 192
71 120
292 521
708 276
540 267
588 128
663 413
79 451
752 87
12 191
844 10
48 495
918 465
421 53
672 189
564 514
79 39
219 351
773 17
863 163
1004 84
367 465
90 89
946 312
208 569
421 329
562 250
659 56
881 394
324 345
151 201
422 286
337 482
412 197
463 253
243 513
624 215
952 562
31 308
371 208
755 367
105 445
77 107
616 486
739 580
489 240
722 105
931 583
367 151
984 75
516 296
115 303
812 146
669 543
783 155
892 320
647 35
674 127
575 88
576 206
128 433
24 29
791 534
804 113
117 382
882 78
834 505
668 177
798 402
307 95
195 51
22 67
930 169
461 365
881 535
638 80
917 580
754 494
352 118
764 380
169 525
992 332
381 569
467 96
815 383
659 350
787 169
748 249
192 339
124 157
981 174
898 257
239 483
509 448
113 513
950 422
738 276
99 483
505 418
117 64
234 499
230 390
352 151
636 160
921 242
432 352
337 283
784 158
881 349
978 355
385 16
90 315
774 520
62 125
565 531
418 319
926 497
634 278
440 338
556 126
844 484
247 559
217 484
573 521
142 478
986 109
302 234
546 348
79 376
174 272
677 390
257 518
135 455
699 523
975 389
831 362
143 524
900 54
843 218
353 421
922 32
488 179
234 109
199 174
536 155
768 381
776 25
715 421
731 111
300 262
488 416
428 362
944 291
802 528
699 146
752 361
392 226
745 580
92 222
830 382
52 188
655 320
441 244
553 422
523 266
697 417
719 55
457 203
352 516
354 419
392 261
571 402
84 474
305 384
995 316
614 471
631 111
769 445
458 278
63 272
909 133
806 216
859 49
195 505
500 139
161 215
469 118
491 42
863 179
539 278
825 348
723 395
240 120
346 376
632 288
493 339
63 491
72 580
461 537
32 259
626 424
668 397
736 79
462 289
769 429
279 149
52 304
868 224
392 539
881 385
438 568
463 237
573 434
319 180
613 316
890 227
355 476
153 29
536 53
508 376
511 448
718 413
603 224
747 165
540 557
833 578
741 20
374 24
646 212
167 579
935 206
318 423
434 12
279 59
897 499
95 275
388 523
867 113
138 313
800 498
980 556
471 409
747 64
854 19
433 200
472 367
973 394
476 76
155 563
196 33
356 299
360 423
915 558
549 149
579 543
546 321
880 469
103 257
836 317
919 206
873 437
375 77
159 110
76 391
420 17
182 558
454 294
254 292
663 507
160 303
50 242
619 156
697 508
456 233
575 252
541 497
745 166
117 101
662 290
949 347
355 479
593 351
647 467
992 206
625 72
370 439
753 288
500 422
607 571
803 202
230 82
368 92
239 263
613 253
568 248
799 15
672 86
547 80
138 572
448 350
591 358
254 355
703 538
693 430
525 12
230 512
819 321
544 236
894 360
694 125
618 486
284 489
704 69
509 114
190 252
500 273
590 407
23 78
323 151
421 227
111 130
417 559
64 332
803 23
16 108
318 455
809 17
820 321
249 337
333 455
104 461
114 22
482 511
802 559
664 337
547 388
609 514
520 72
819 157
525 527
639 546
365 180
261 176
939 377
332 498
839 498
1000 140
941 407
900 515
106 302
786 575
239 66
432 51
963 349
897 536
982 368
150 108
882 225
430 37
731 359
991 180
12 482
341 124
297 534
516 104
705 71
867 514
595 348
517 412
530 502
865 562
768 36
677 407
241 108
373 183
683 376
441 71
179 245
463 570
918 396
689 437
179 99
305 167
755 505
71 133
55 515
615 458
766 520
372 374
297 133
873 250
925 316
569 356
991 244
394 329
906 347
275 95
458 132
595 48
297 237
316 390
417 31
151 291
201 537
88 333
163 210
292 499
174 58
10 76
789 363
812 504
302 159
519 311
562 424
788 82
675 269
186 568
14 310
93 413
671 513
524 263
952 318
737 238
572 32
109 75
46 447
795 260
823 168
918 52
327 85
223 408
709 336
828 217
557 251
668 73
992 200
876 68
823 494
969 457
259 349
575 484
734 101
463 150
582 470
921 15
906 65
645 472
368 223
156 201
292 143
51 392
911 172
131 15
439 330
31 348
912 160
893 56
790 157
107 258
635 137
100 336
987 259
58 332
117 321
178 518
929 370
588 127
966 360
556 363
633 509
997 523
1004 124
95 84
148 514
69 62
124 178
143 250
726 195
284 482
226 103
147 134
501 491
893 170
349 298
691 121
851 399
427 465
401 213
631 532
694 288
148 201
761 554
744 57
303 187
228 254
385 528
579 492
1002 544
172 451
820 515
152 472
371 205
428 17
991 474
216 134
655 131
322 382
546 514
801 424
988 541
273 553
299 221
158 95
144 453
471 22
1004 106
454 463
17 11
126 292
836 184
592 236
597 323
725 156
874 47
886 360
454 412
218 72
747 131
869 388
436 441
749 542
777 59
794 13
980 474
697 118
77 294
130 129
181 128
711 443
280 427
895 491
495 298
301 461
223 458
111 576
328 414
79 27
958 130
714 105
608 482
657 417
678 141
253 549
616 227
808 172
459 210
524 482
635 215
175 258
810 373
413 561
958 533
63 248
179 190
757 421
167 305
286 438
99 373
599 443
477 393
506 409
929 267
786 432
590 415
322 143
62 105
438 155
121 280
755 455
252 484
978 132
744 129
79 224
698 137
452 92
899 271
926 454
803 547
296 582
492 157
692 330
167 418
389 462
605 42
558 324
474 208
91 304
619 14
955 402
578 351
390 409
264 558
209 315
927 165
278 481
853 203
868 147
995 450
282 67
219 515
277 580
115 243
805 48
269 568
945 136
69 99
223 287
470 563
214 176
747 246
715 39
278 214
518 225
658 357
612 144
455 79
464 583
72 190
198 307
927 403
82 257
216 309
144 148
628 301
899 15
662 302
794 558
20 376
947 577
11 64
450 186
347 434
846 194
82 147
570 370
1001 265
820 449
849 326
719 269
218 75
751 328
214 474
554 456
757 250
803 329
959 168
49 21
65 439
540 49
754 445
51 125
578 35
791 273
730 325
802 142
110 388
562 340
918 345
369 458
436 243
341 306
323 291
520 576
100 437
346 305
986 200
507 581
83 158
889 325
787 385
576 445
147 334
37 216
153 161
638 262
473 451
798 544
184 216
995 461
198 160
32 524
633 184
566 324
813 540
424 387
964 104
316 280
36 198
75 271
730 325
588 492
588 257
813 341
604 570
867 115
53 556
720 245
413 324
217 236
559 206
645 371
535 443
533 311
209 301
571 155
217 271
956 391
444 263
311 563
400 114
584 144
972 305
870 564
488 113
430 75
702 411
469 193
850 85
702 76
425 407
812 167
331 32
261 28
360 445
638 283
725 424
28 384
425 545
901 514
879 163
775 541
144 23
636 10
64 392
948 222
510 454
26 466
351 269
430 510
831 241
365 428
189 208
76 383
105 342
421 401
126 308
463 234
338 90
158 575
336 301
783 436
605 508
501 395
987 552
641 479
974 278
197 446
214 301
671 229
980 549
198 136
187 560
270 177
655 177
818 452
269 297
651 387
309 372
804 404
61 268
17 131
269 205
16 22
217 395
693 137
594 35
201 217
446 373
200 399
709 301
986 183
518 486
746 391
687 99
938 196
733 93
518 69
979 59
300 533
36 70
291 221
778 506
385 262
853 561
224 10
499 258
359 41
666 491
659 17
394 50
917 113
370 269
944 169
864 409
363 345
136 361
425 554
40 325
38 161
211 57
353 328
287 500
461 48
632 198
206 570
615 416
51 119
456 427
152 334
59 145
40 137
63 399
1000 361
10 87
966 24
115 421
741 22
846 284
250 327
221 106
402 292
553 161
556 528
264 428
149 413
198 529
408 475
464 230
335 233
185 513
506 24
440 338
513 270
349 252
583 501
114 240
141 35
253 359
491 144
381 579
730 348
639 95
651 43
286 240
473 371
27 261
662 267
125 577
567 211
752 454
855 342
114 86
428 250
588 95
695 221
374 513
283 197
382 381
15 254
735 244
34 528
442 582
123 94
605 487
852 569
815 171
122 51
521 277
111 432
283 258
813 444
49 211
485 126
845 36
910 368
959 402
241 348
454 107
782 150
29 475
315 524
163 45
588 467
877 439
609 257
399 540
632 48
337 497
691 333
511 526
660 209
444 12
689 493
160 562
772 276
1004 517
844 99
418 364
667 447
946 453
193 488
516 394
609 325
756 273
849 246
879 514
716 308
309 575
40 374
776 25
549 16
713 438
686 501
724 77
244 19
527 475
835 103
157 32
631 174
722 75
79 259
969 437
743 270
20 356
722 565
409 282
314 487
562 92
151 103
332 351
776 427
722 192
638 275
37 113
607 257
728 431
178 506
376 71
794 295
518 242
1002 538
605 263
943 399
296 261
272 252
383 20
382 18
637 364
879 164
188 304
247 228
71 334
432 18
161 499
734 562
640 570
501 420
35 373
310 509
437 143
850 401
525 21
821 104
71 441
651 424
1005 87
69 469
139 134
417 555
621 362
790 529
786 57
484 512
555 183
963 219
192 196
627 219
943 193
774 164
887 154
87 368
63 396
866 391
548 478
312 151
173 70
329 187
293 45
594 286
423 134
654 283
272 113
306 110
548 554
48 503
245 425
229 512
183 454
320 505
117 429
795 20
629 492
143 355
833 60
584 493
193 542
765 87
339 433
575 115
886 33
221 110
650 69
253 434
360 513
458 443
100 177
657 22
277 399
466 360
351 580
264 382
107 210
900 523
914 228
148 211
913 245
830 117
629 505
294 566
631 71
280 541
821 53
275 479
551 94
106 67
685 107
341 542
213 481
53 115
615 117
826 367
460 210
910 405
639 356
893 148
771 394
736 238
925 406
588 55
726 545
198 328
794 133
22 123
675 349
949 312
87 294
636 391
254 484
452 42
649 347
898 255
337 276
911 344
623 199
558 171
928 83
578 384
189 524
628 393
407 474
52 495
254 538
852 95
133 263
296 276
468 464
101 340
726 13
882 412
329 71
596 518
94 403
798 507
590 156
42 548
901 19
385 387
594 509
478 160
440 347
484 537
783 122
608 133
491 142
837 76
829 282
892 504
427 77
101 194
934 159
908 426
965 199
808 463
429 449
184 61
876 214
752 188
67 463
151 200
749 428
193 381
241 434
399 385
593 310
499 307
455 143
264 375
598 126
957 38
177 42
872 359
624 93
611 154
803 431
144 316
565 194
32 393
236 570
288 127
822 511
254 337
172 321
675 558
404 131
693 10
592 258
449 565
11 72
881 62
717 62
184 185
256 64
903 446
458 102
135 337
953 328
456 255
717 375
710 85
582 398
518 241
786 194
288 161
922 348
426 331
13 165
739 229
637 415
572 260
732 403
274 119
907 427
628 370
675 10
564 297
480 113
169 218
864 333
959 135
521 166
247 245
890 138
613 122
447 304
521 467
787 135
762 427
339 358
220 352
467 241
90 97
681 342
113 390
607 257
153 510
355 146
476 316
201 550
592 234
253 550
721 141
803 276
552 235
611 520
135 323
372 391
921 270
376 297
417 562
1000 173
926 540
781 407
419 166
470 284
364 391
103 90
498 507
386 90
26 155
638 483
54 360
198 460
877 21
903 278
371 466
679 235
161 499
678 278
180 180
566 54
686 550
523 93
469 73
134 379
880 355
467 434
676 151
724 333
969 231
746 484
513 217
536 119
703 516
69 370
261 521
321 257
118 131
30 134
727 261
892 568
826 363
360 320
839 476
954 249
691 253
52 394
943 440
613 340
697 472
427 234
211 290
719 70
566 569
806 188
724 113
798 434
876 339
951 553
142 396
347 103
507 523
771 273
877 164
994 500
960 70
350 209
147 379
394 344
554 45
820 192
717 442
727 197
596 369
131 177
486 540
385 568
767 506
342 32
439 201
41 461
656 421
469 194
276 104
331 329
958 58
1002 444
669 303
170 436
311 545
897 184
670 47
685 154
336 174
821 544
183 39
989 208
148 255
537 416
219 502
68 71
915 13
670 215
779 310
747 143
953 418
701 354
824 233
879 173
233 14
670 344
461 302
149 243
19 109
764 71
370 150
230 326
877 219
687 42
635 180
484 206
976 240
114 218
551 388
698 443
512 96
94 184
925 87
396 109
820 406
993 536
887 458
293 117
21 392
163 28
312 73
143 325
807 114
826 349
145 496
956 59
791 161
444 144
188 399
559 580
815 162
17 350
673 228
288 120
185 189
246 347
73 277
520 303
537 204
57 48
769 26
153 447
958 79
180 405
331 574
968 437
110 516
746 179
190 77
372 353
380 343
682 422
898 527
148 574
527 367
15 421
32 458
755 550
655 448
950 577
489 520
947 581
802 217
276 195
546 214
261 289
161 403
194 574
44 425
392 76
357 351
682 173
385 354
274 169
271 424
841 239
46 342
253 396
303 568
735 581
152 128
671 328
834 570
187 41
102 57
264 202
717 343
819 206
282 253
41 488
57 443
127 36
488 535
841 498
879 420
536 58
471 364
80 233
966 443
998 509
657 120
422 63
107 75
376 315
153 373
752 567
114 518
203 181
153 24
368 329
359 339
879 146
925 336
950 51
120 382
858 434
113 260
967 120
420 495
500 391
654 227
594 265
30 142
265 545
576 280
111 173
352 416
660 310
763 427
71 112
461 75
475 466
108 364
605 398
683 176
912 308
257 328
920 304
121 173
361 365
713 138
608 226
276 13
240 294
777 459
737 404
136 108
706 432
553 36
663 320
316 34
312 179
899 355
750 153
316 320
612 302
398 211
908 574
387 53
528 393
355 430
300 201
376 247
625 572
136 45
899 58
681 266
835 170
343 448
419 470
516 403
423 215
70 288
323 567
378 73
435 582
15 337
198 29
475 571
214 430
10 240
874 258
224 46
90 116
198 479
40 85
355 346
362 485
689 79
692 130
512 19
775 383
596 483
809 503
691 333
497 85
35 576
208 476
980 499
716 512
698 332
626 275
34 53
372 466
648 559
685 178
1005 296
502 498
251 127
490 415
232 349
459 430
258 572
417 369
855 244
154 56
625 59
504 408
742 411
197 546
754 459
289 538
160 439
182 115
996 285
248 423
555 185
391 547
268 505
865 574
756 212
575 479
693 523
935 112
850 175
564 320
828 537
266 544
539 142
293 365
16 510
583 216
63 387
198 32
676 502
350 55
896 225
712 139
899 243
842 97
517 64
337 207
159 263
231 565
862 564
52 561
957 464
263 349
583 362
246 157
338 550
511 158
416 308
641 511
609 277
963 124
789 180
450 504
718 236
540 577
100 580
277 455
202 329
972 310
892 174
780 136
629 242
283 79
332 487
258 90
306 353
962 94
420 273
937 540
907 414
537 464
965 96
879 46
328 303
687 105
888 386
189 355
656 265
380 168
290 13
744 338
754 201
666 462
936 351
131 546
980 534
670 340
376 101
930 451
303 305
659 444
983 361
526 474
294 388
447 200
438 55
76 329
716 291
106 292
164 208
318 561
716 428
907 194
436 110
611 496
358 357
664 261
97 485
799 332
990 366
787 262
256 390
359 239
419 372
442 477
593 358
622 145
643 355
219 62
270 305
632 35
996 78
703 534
384 185
299 425
567 552
541 534
763 267
609 204
340 293
581 208
707 135
60 183
551 420
328 109
1000 365
183 376
75 168
908 161
288 191
568 301
112 427
573 267
983 189
792 488
132 141
990 287
395 203
88 494
144 444
502 338
190 310
959 407
466 205
455 229
972 308
504 295
110 520
774 11
157 21
155 346
838 350
23 167
94 425
993 331
417 254
196 93
79 538
683 439
920 223
194 294
139 353
875 14
589 139
77 163
118 252
926 52
271 298
87 310
35 35
413 580
394 299
951 416
579 329
908 326
671 104
375 404
614 32
870 484
798 579
844 61
73 146
766 14
618 60
520 321
667 120
997 521
437 155
508 410
404 207
415 191
337 345
700 330
934 576
53 278
415 450
466 567
566 180
722 360
899 468
652 64
154 571
526 161
419 511
422 199
270 296
713 183
521 139
373 581
881 482
10 285
138 352
758 109
523 256
783 501
621 139
808 467
903 139
101 16
267 188
960 523
255 499
955 114
985 540
50 176
649 135
145 369
348 302
386 582
123 509
32 437
423 62
414 104
73 114
546 415
928 64
688 107
83 391
774 25
869 70
753 202
695 391
125 421
537 203
729 239
415 92
378 515
416 162
62 492
121 303
639 472
929 18
51 493
788 362
895 163
544 448
79 366
365 91
101 354
525 204
536 162
405 424
672 421
521 285
124 16
157 401
587 518
905 56
913 224
358 110
254 580
278 74
955 385
347 556
520 188
780 486
787 453
866 16
821 485
92 367
924 452
524 311
149 175
48 395
941 514
768 108
42 51
342 455
585 75
948 329
456 185
976 176
732 141
520 92
132 222
318 448
671 548
386 466
89 115
857 278
650 355
124 138
491 296
583 405
886 18
995 363
162 130
403 570
636 460
346 52
350 276
639 344
320 82
817 129
353 252
335 388
122 521
589 167
656 107
423 342
682 461
783 465
213 234
632 259
925 277
512 365
457 373
275 533
154 100
82 214
585 57
404 113
766 117
55 549
143 581
864 78
791 419
563 455
732 158
828 502
73 179
831 144
389 156
202 162
17 327
940 336
591 542
43 524
235 458
599 38
467 378
98 329
12 388
241 197
751 79
300 545
227 554
249 131
56 354
969 121
626 67
485 461
155 61
473 422
517 64
658 380
433 306
140 560
232 74
85 229
264 279
702 305
331 43
917 291
216 127
350 474
697 24
954 123
257 92
56 167
398 160
572 327
365 577
91 315
68 467
475 124
372 473
634 327
942 429
900 476
260 18
895 478
979 58
624 431
178 134
825 443
290 466
222 323
88 71
147 275
300 171
220 440
693 226
189 314
144 373
691 365
317 321
177 162
337 432
270 91
376 346
902 15
391 458
216 270
252 539
366 223
875 508
118 100
255 418
105 543
290 193
694 170
201 165
717 47
567 488
864 151
977 567
504 61
709 68
581 544
973 439
327 64
348 10
318 95
562 141
813 207
113 368
273 169
197 272
663 118
872 84
601 417
116 165
39 91
639 538
521 568
302 556
362 339
108 359
68 148
77 227
337 155
207 295
235 283
575 104
62 316
324 399
118 567
583 366
80 359
508 282
733 462
345 140
355 559
750 389
934 154
119 51
748 366
857 362
620 68
856 38
698 382
160 272
435 564
704 431
859 123
91 432
916 132
586 374
780 226
590 388
977 534
964 417
926 514
688 537
76 234
47 528
543 576
324 555
760 20
387 70
138 279
114 291
725 229
305 424
850 583
122 397
498 405
535 24
726 582
789 489
506 126
310 14
853 399
841 422
557 543
134 124
521 149
724 554
758 69
650 395
738 204
418 516
673 187
559 517
911 91
19 166
998 31
364 73
853 311
366 411
251 550
1000 257
559 513
914 232
572 204
904 388
155 408
445 414
94 434
45 519
251 519
320 304
123 20
999 134
703 434
285 340
761 68
541 431
827 562
536 151
758 279
528 163
661 433
555 437
872 89
654 546
394 388
192 312
552 381
387 467
455 553
28 380
771 150
355 191
839 463
816 59
310 445
408 10
296 362
621 325
377 558
30 214
148 301
262 508
308 127
770 77
136 363
794 124
182 423
484 381
934 221
596 43
543 225
115 124
781 229
822 358
906 474
823 148
965 253
570 37
548 213
930 456
37 134
566 244
771 51
134 432
169 220
849 92
548 257
446 352
514 227
385 262
935 271
294 222
111 222
155 466
102 343
238 165
708 83
168 190
668 189
1003 134
922 252
365 582
634 412
697 557
894 59
388 86
108 385
711 582
360 537
769 30
765 384
412 105
625 167
691 330
773 479
945 494
449 87
68 228
20 17
130 459
582 186
641 300
14 416
800 332
36 178
647 581
394 119
13 19
453 543
130 538
296 376
820 168
204 115
643 284
387 502
948 103
106 443
634 413
839 108
385 228
821 95
411 578
985 483
132 230
22 100
563 462
72 214
794 261
89 181
311 191
28 276
420 526
827 260
145 568
306 99
360 550
456 185
240 137
89 305
697 108
444 123
160 202
461 355
684 562
289 404
917 373
233 35
342 555
209 253
546 559
827 333
536 108
492 77
542 340
42 175
423 515
318 172
893 531
351 169
144 217
471 260
767 409
216 70
579 319
490 501
830 237
846 235
498 98
40 154
653 256
18 448
458 356
553 70
925 302
827 228
438 375
28 430
817 346
213 328
559 220
340 124
915 409
573 366
342 234
192 341
585 577
966 416
356 156
294 235
322 288
249 131
238 106
780 194
412 51
349 272
592 506
179 457
689 317
659 411
180 497
1001 196
952 122
704 423
388 253
489 298
853 442
285 358
906 145
960 155
953 63
109 30
813 385
791 472
851 299
432 574
200 50
692 285
302 537
360 178
212 113
215 485
481 59
971 92
380 384
525 371
63 237
617 578
732 451
278 72
676 348
434 126
42 405
844 298
420 440
845 146
867 514
511 97
295 462
554 340
236 165
743 281
447 267
70 180
666 490
582 48
949 460
37 224
40 315
229 55
899 152
902 297
870 394
933 227
634 477
655 117
385 434
63 34
656 578
826 166
292 194
482 320
242 117
130 342
295 220
632 342
169 327
859 26
686 187
22 158
182 550
88 461
889 403
213 265
95 437
685 464
266 374
603 274
582 483
681 486
984 167
966 230
586 455
90 370
600 238
490 52
600 366
243 352
620 163
933 331
391 203
77 386
684 159
60 57
229 430
42 500
870 525
184 80
732 140
707 368
196 541
13 155
670 496
104 257
604 280
899 249
473 129
546 215
472 284
242 85
163 543
728 300
107 469
467 462
996 559
150 550
190 238
803 14
231 368
48 383
758 13
724 451
738 255
287 566
611 500
725 242
624 390
781 359
263 485
545 457
241 397
270 559
589 293
105 525
874 572
629 55
911 120
841 289
362 569
758 477
473 253
642 361
835 83
723 491
490 288
176 194
697 370
973 310
413 481
85 313
126 323
897 53
802 437
585 380
685 352
952 491
644 564
154 238
915 153
396 205
959 500
36 282
908 306
921 521
982 581
506 89
616 191
960 335
959 46
481 49
706 561
621 159
925 381
728 187
466 114
148 296
510 519
64 64
1004 566
557 435
966 408
833 465
364 228
819 382
161 504
707 402
631 534
117 30
998 112
298 29
784 338
788 569
521 300
611 506
811 41
334 20
210 454
102 203
859 274
632 111
119 579
703 423
566 228
204 276
479 234
926 295
920 193
536 418
464 485
785 515
213 280
792 131
184 583
728 570
710 482
959 216
598 349
474 422
380 248
626 72
155 157
21 208
89 219
335 573
518 539
643 220
137 37
965 541
228 413
259 59
871 374
661 536
698 69
531 455
788 402
752 527
608 457
833 65
224 351
64 370
186 140
287 532
41 95
534 360
763 357
101 558
826 257
1002 35
792 467
501 372
589 414
342 417
920 49
708 129
161 108
780 279
375 77
480 562
138 464
496 76
702 164
435 133
174 143
952 67
869 55
445 467
525 327
554 495
856 521
488 505
14 519
258 32
154 583
695 330
567 505
89 449
683 195
616 244
775 147
718 510
760 313
1002 400
845 443
628 170
717 508
617 174
283 447
930 204
428 363
540 84
715 503
83 525
963 270
74 25
86 69
206 348
850 94
109 10
582 224
380 489
748 252
845 339
687 433
362 310
304 66
925 79
346 81
236 422
602 196
867 498
992 138
508 209
99 175
521 331
168 535
875 119
632 64
841 67
479 564
254 448
921 333
696 353
166 119
475 494
136 212
350 308
233 11
790 144
369 464
984 313
30 449
268 201
562 452
876 165
131 41
718 226
208 294
138 517
245 344
36 291
770 176
325 60
138 105
230 509
324 407
854 558
971 242
826 358
130 182
393 291
731 457
128 326
425 251
207 154
689 434
942 471
439 441
361 193
280 463
894 271
699 104
768 141
769 334
26 29
200 343
891 302
506 157
685 541
179 459
495 324
866 128
146 492
603 481
777 271
988 134
302 395
322 117
179 147
564 356
725 364
596 224
429 80
613 282
847 110
821 304
475 214
678 219
890 565
22 138
980 391
161 124
435 72
171 477
389 254
710 531
233 113
709 438
226 291
671 377
849 41
234 398
997 268
839 116
12 64
377 249
605 254
93 230
912 342
629 516
810 121
314 203
464 383
600 564
165 350
578 64
582 202
237 376
618 234
290 292
672 475
517 315
100 69
296 452
765 408
211 571
82 189
516 492
444 570
131 235
287 577
517 467
495 489
347 238
645 323
718 175
199 227
492 516
660 191
205 270
527 109
818 282
912 196
130 267
350 410
859 101
940 529
480 181
29 399
447 322
279 104
885 509
139 142
747 356
64 574
123 494
263 48
176 544
175 539
430 572
458 301
56 351
484 230
652 428
178 106
82 341
998 236
826 436
164 456
832 274
424 572
790 293
711 125
757 426
87 470
305 195
214 87
677 181
708 233
107 101
246 348
238 443
967 281
281 117
537 85
334 347
962 313
543 266
825 300
458 424
305 272
191 288
935 319
112 404
96 233
428 453
299 510
481 320
625 190
296 108
769 556
22 496
488 84
228 55
679 201
43 474
264 86
317 394
993 386
661 354
539 293
325 355
650 284
919 583
303 433
336 313
579 301
623 440
733 151
279 497
351 370
214 388
367 148
630 423
851 162
347 307
279 165
47 412
293 493
22 486
995 267
484 330
526 188
620 349
772 87
569 255
951 231
633 67
209 580
576 475
373 422
349 517
410 434
395 191
257 339
114 101
666 57
805 570
599 190
270 147
62 345
393 463
517 366
230 110
108 176
760 269
544 357
943 340
401 538
472 132
569 362
805 472
79 393
246 227
774 134
944 424
249 97
665 211
181 164
386 397
516 469
580 501
75 441
829 31
679 360
944 437
782 125
302 130
103 533
433 90
954 51
528 135
452 556
784 581
983 230
813 49
56 59
378 514
735 545
417 468
407 271
482 41
849 395
944 476
147 256
724 176
493 69
123 426
344 386
554 168
893 567
564 303
579 495
970 115
49 351
548 193
566 234
540 580
628 134
266 138
680 37
691 260
141 188
98 128
616 441
626 178
833 241
436 48
31 287
546 190
611 66
347 248
938 346
492 493
189 298
160 24
643 342
938 413
559 126
83 258
422 566
583 563
793 479
486 124
244 95
715 392
24 260
928 432
763 456
347 240
156 545
717 487
252 111
477 163
509 21
961 532
163 419
84 549
383 453
596 245
577 383
377 105
272 266
378 403
703 43
882 299
126 470
473 221
76 266
164 139
325 201
410 437
488 347
340 99
40 73
393 336
65 543
949 254
970 133
267 520
947 289
271 85
567 186
426 87
510 87
123 302
450 459
218 63
918 140
704 186
308 68
390 233
681 118
521 575
565 133
147 322
752 495
485 336
973 111
856 121
316 211
217 215
407 318
598 57
724 169
182 234
217 494
220 170
725 517
368 426
424 421
782 227
744 552
393 177
76 383
103 182
47 450
52 254
485 404
674 215
847 283
140 540
322 71
858 212
992 443
236 392
556 375
491 360
103 172
915 337
949 232
382 304
72 70
345 31
976 24
741 37
769 423
706 73
56 275
36 402
609 78
443 163
185 569
443 369
714 457
359 450
195 213
477 525
70 301
715 320
655 364
608 361
156 88
413 436
697 282
155 402
613 214
449 376
427 76
977 512
68 31
622 376
892 131
341 90
736 446
823 486
331 330
714 179
643 436
510 510
392 34
624 233
238 465
697 19
779 343
701 63
829 482
841 181
241 495
582 200
137 244
188 333
654 280
766 146
924 281
536 423
916 148
219 292
968 254
634 309
330 571
413 127
476 539
699 247
335 142
430 225
504 288
751 114
414 224
353 273
692 71
553 141
864 341
581 153
504 308
401 181
448 396
887 347
964 179
377 218
765 29
506 435
399 321
325 41
592 537
966 205
302 407
792 556
191 508
896 331
407 159
343 110
11 383
594 478
715 205
12 37
672 460
568 446
589 175
699 315
306 198
445 309
87 21
669 341
348 154
783 334
682 339
505 430
255 221
402 439
965 352
188 388
823 103
527 582
464 144
492 554
789 164
273 101
908 309
49 277
327 269
986 339
853 209
516 319
489 258
812 418
226 390
989 577
651 221
280 500
640 63
780 436
604 498
205 549
810 542
747 258
977 425
960 408
127 355
677 52
292 474
964 378
469 431
382 512
372 528
134 580
409 239
261 548
781 543
343 124
610 338
547 311
723 134
241 386
802 434
281 256
306 471
428 353
101 411
790 542
367 50
301 112
732 554
523 14
918 171
843 188
931 248
934 261
717 206
243 25
908 239
432 130
663 312
884 26
485 95
53 244
496 106
362 570
726 170
559 337
725 450
74 413
692 13
53 235
82 475
826 14
710 104
103 413
933 522
953 295
479 570
1004 158
174 49
101 490
229 466
522 530
957 175
430 194
419 363
956 135
670 418
306 541
780 188
492 501
210 547
950 315
349 323
638 374
223 355
397 153
214 514
301 151
250 207
719 197
109 503
65 397
200 211
893 266
591 64
512 264
729 552
385 144
238 373
496 402
577 205
804 538
547 393
857 155
651 189
361 160
989 248
273 28
688 242
984 12
450 216
976 314
776 10
157 389
203 539
370 99
281 335
386 44
178 73
520 317
557 115
403 517
202 189
555 384
736 160
68 299
934 401
265 298
224 226
623 356
885 467
22 90
66 247
890 519
466 62
883 144
110 468
389 510
856 528
16 242
381 445
678 53
939 309
1004 411
259 27
405 455
519 376
209 285
646 242
640 97
328 55
871 44
708 58
560 334
102 29
60 262
471 271
773 474
655 229
312 105
226 66
952 313
955 502
226 220
159 557
452 202
288 121
655 289
561 529
540 493
606 187
41 186
232 59
226 28
489 367
695 273
150 255
275 29
787 339
605 247
182 129
168 89
279 424
441 158
933 564
318 499
395 395
435 365
67 167
408 471
94 254
85 121
649 319
244 255
672 536
201 135
721 106
299 70
88 574
654 306
536 33
379 470
225 71
373 446
289 382
738 501
779 76
519 134
995 502
762 41
507 45
500 284
228 538
126 245
433 476
151 256
567 511
715 500
158 142
975 384
763 278
642 315
355 88
868 311
818 400
916 209
493 91
371 160
113 167
847 155
12 518
250 548
423 293
265 27
947 409
759 114
852 450
155 29
380 441
456 283
632 421
342 276
686 139
660 130
941 569
79 345
404 425
426 123
188 523
222 308
826 455
664 200
281 414
784 25
736 298
675 112
430 529
312 53
545 144
729 371
378 363
258 380
32 190
503 87
271 382
170 60
522 545
754 158
547 51
279 230
596 219
550 464
866 458
956 239
730 21
716 303
311 72
785 161
634 175
374 538
828 205
896 384
272 420
968 124
10 453
996 383
100 424
446 243
308 520
195 306
905 412
960 322
861 281
454 309
852 293
218 576
186 434
849 402
663 490
91 315
882 35
174 438
533 534
762 330
917 483
693 418
764 400
937 367
221 377
858 126
38 513
571 322
88 485
493 216
975 571
319 333
567 218
658 55
923 32
755 221
277 10
485 398
999 533
484 80
632 430
111 160
396 471
786 139
917 360
50 345
758 41
653 527
592 29
323 165
630 121
98 304
424 345
762 271
819 456
462 368
566 120
937 244
151 572
181 535
820 466
859 279
410 139
802 494
722 134
335 532
182 366
78 523
906 527
925 170
981 134
996 41
855 55
328 241
558 396
889 549
630 70
855 524
163 380
856 106
682 425
55 331
519 54
285 491
784 63
889 144
416 23
214 179
640 33
176 268
941 184
475 447
711 225
429 358
886 570
573 515
375 256
251 35
652 116
57 454
641 10
103 271
650 513
306 248
750 433
387 538
361 322
85 192
11 371
761 141
614 577
284 185
938 83
617 541
45 308
925 107
516 582
717 488
240 390
355 56
240 407
501 429
419 160
489 264
911 160
222 460
403 216
333 560
931 427
750 61
520 510
557 209
521 274
20 28
36 14
567 476
13 407
689 138
468 106
753 252
246 536
724 567
295 346
885 447
982 68
936 89
132 238
436 251
586 150
310 165
643 500
789 313
919 534
898 54
474 581
585 303
444 581
265 117
345 577
699 280
684 61
648 378
31 396
364 540
355 471
54 438
525 168
548 459
220 190
650 331
916 548
309 137
443 85
914 62
619 382
929 462
232 441
17 471
560 457
691 538
946 539
808 315
482 142
814 564
621 442
291 92
518 518
797 292
69 213
643 419
227 260
885 192
132 301
533 284
178 498
501 510
863 213
495 325
564 179
942 415
592 199
621 359
647 466
885 474
948 402
298 428
998 355
529 517
980 438
636 404
104 38
101 554
345 319
210 334
720 349
909 274
283 412
240 254
767 107
541 545
551 203
788 326
917 173
578 203
117 225
794 536
250 101
82 243
386 550
399 73
419 74
236 270
657 377
528 186
495 408
957 147
803 450
493 157
881 471
440 223
104 122
114 114
28 430
920 206
379 90
414 294
446 189
396 212
936 243
425 370
887 283
375 84
30 145
314 344
754 165
643 300
883 316
106 73
844 501
219 141
245 287
916 483
97 153
689 362
54 81
362 444
395 238
451 85
419 499
70 561
333 151
845 105
365 430
105 368
873 353
250 102
767 98
623 437
297 102
791 44
325 520
108 275
784 338
955 129
138 518
275 81
632 539
662 291
967 93
24 315
902 156
776 75
336 399
432 67
610 299
795 413
355 329
549 565
276 37
241 492
267 206
776 379
452 487
711 130
23 317
161 15
820 17
493 455
234 330
604 73
962 196
673 437
121 329
355 346
464 519
702 76
923 565
525 52
814 113
612 48
785 355
657 299
524 290
580 352
809 265
497 238
402 65
987 141
211 93
810 324
752 480
381 492
888 418
869 512
956 454
438 358
153 186
170 171
63 566
411 250
829 102
621 446
893 319
728 124
768 229
755 178
869 411
19 168
777 369
442 348
268 395
297 48
869 352
990 45
112 470
698 163
127 513
150 467
746 351
104 232
234 28
773 277
729 69
759 256
575 280
142 251
975 299
159 245
797 412
594 557
448 149
744 34
429 76
491 482
586 81
508 403
268 278
818 277
968 279
482 515
596 293
204 224
873 219
237 232
327 322
477 93
21 256
166 287
13 356
520 321
66 63
234 276
207 558
305 252
447 407
536 385
225 521
512 281
835 475
587 525
554 456
752 423
104 307
915 198
389 468
527 255
361 231
759 269
707 239
638 41
666 110
175 335
730 24
805 525
330 117
625 450
355 82
273 440
114 406
468 207
602 146
929 227
731 556
427 155
572 580
491 21
58 184
944 310
168 368
251 269
44 300
197 213
153 581
749 334
553 445
741 275
111 158
18 531
182 154
98 89
324 444
806 413
70 437
65 399
402 548
546 445
168 542
736 219
28 465
478 525
601 249
631 490
629 50
368 109
904 287
379 500
866 445
506 347
754 52
984 101
778 403
417 436
12 358
81 483
537 364
511 148
514 390
664 175
606 239
768 206
312 45
558 411
150 442
12 360
449 493
876 82
265 162
72 255
265 329
207 332
524 162
674 52
675 272
79 554
268 74
611 191
808 288
653 171
51 182
757 379
476 146
542 559
665 135
828 391
579 134
546 311
567 191
39 410
456 153
423 536
775 304
118 316
21 151
439 477
331 172
382 163
568 307
362 189
434 117
61 468
123 457
14 109
641 296
907 265
897 63
635 72
262 108
157 114
499 195
165 320
607 436
451 248
287 360
227 581
897 171
628 291
706 408
685 430
505 74
343 142
821 76
972 233
707 331
101 579
459 500
851 456
704 537
61 502
14 129
606 362
467 139
906 82
770 374
420 241
1001 527
575 313
556 160
644 349
414 47
288 173
981 408
835 473
259 322
495 256
78 65
79 480
234 426
534 481
394 395
98 236
451 93
956 348
39 250
169 474
323 206
302 407
410 264
728 547
847 270
833 192
224 409
205 434
711 554
277 49
507 51
239 120
940 563
941 127
773 319
327 98
382 236
138 293
580 374
276 407
905 57
91 300
836 425
401 456
10 472
471 343
29 519
370 396
879 85
842 309
240 112
486 492
693 476
148 577
306 40
519 241
349 163
238 126
797 97
711 147
212 243
138 247
787 515
104 93
714 563
141 567
931 372
310 178
147 424
716 445
694 319
638 124
660 49
206 224
409 561
162 278
915 424
753 389
700 564
271 120
539 38
107 383
931 326
992 413
686 470
505 203
763 532
321 259
833 139
779 290
260 416
678 493
136 81
775 360
108 518
69 519
274 321
15 122
483 43
261 385
534 548
448 290
643 477
619 242
192 20
536 64
157 254
521 431
625 20
24 300
161 425
274 249
159 301
534 381
190 61
707 419
295 509
916 435
819 412
312 349
751 363
277 23
42 533
97 272
909 67
214 411
25 380
320 226
667 186
717 422
464 119
396 10
478 131
672 361
666 111
127 538
807 112
225 246
17 411
410 352
253 488
890 124
1002 412
433 538
879 277
345 408
473 383
80 179
868 427
146 46
631 239
771 575
488 134
106 558
132 163
325 178
35 495
634 99
244 547
525 495
115 13
364 210
345 310
433 472
91 492
567 430
663 92
894 70
232 241
470 500
411 360
639 209
825 302
297 177
238 101
10 88
506 564
752 238
708 416
960 192
660 383
335 53
763 41
213 264
208 479
253 415
373 23
875 108
64 88
85 571
889 112
466 31
439 520
66 539
383 133
761 258
371 341
184 388
224 162
27 393
971 571
862 468
982 422
440 316
809 182
163 19
510 126
912 367
742 455
910 570
738 51
982 501
666 293
141 503
378 122
137 250
258 527
591 276
636 449
105 205
370 59
45 322
788 410
563 394
670 176
554 442
47 373
416 348
521 413
498 276
616 162
147 383
529 233
930 385
584 405
508 301
118 377
569 378
246 468
334 233
505 316
223 26
323 198
160 510
172 380
638 302
187 300
397 386
419 91
776 369
181 349
772 115
653 283
99 94
373 419
709 549
216 564
404 579
467 271
197 528
116 289
241 348
596 96
831 277
780 493
832 245
710 139
154 557
765 415
996 493
497 540
910 150
457 199
66 280
693 66
377 275
73 53
843 98
71 345
498 472
184 418
707 95
674 66
992 134
925 291
395 470
596 250
33 349
437 337
791 73
333 426
754 486
681 534
806 357
254 522
498 298
373 536
66 78
882 199
384 238
945 567
212 475
978 483
413 255
235 34
524 212
271 406
704 502
774 438
518 400
713 104
280 315
41 80
32 396
299 167
708 498
170 498
603 540
976 212
462 382
39 279
593 269
163 448
156 205
706 211
859 260
425 459
323 109
380 530
283 547
742 295
817 12
646 434
874 520
255 502
731 47
222 486
574 46
520 407
137 234
138 12
463 88
34 224
920 164
116 432
983 32
14 172
504 266
42 324
261 572
533 511
561 188
135 255
951 345
599 215
775 436
898 228
196 426
918 450
240 360
218 456
706 355
841 164
863 388
327 396
75 304
930 160
510 319
506 455
614 67
287 398
818 51
445 181
16 66
28 222
296 260
294 547
369 295
31 225
753 354
94 58
113 517
280 305
904 363
818 80
866 419
726 87
188 92
516 102
434 54
271 313
682 564
547 85
514 317
102 531
747 86
991 318
115 128
297 19
951 372
357 75
38 140
324 249
73 159
321 119
200 237
52 256
51 446
747 75
908 214
648 423
936 516
334 465
728 519
885 124
561 553
319 96
144 498
717 488
299 93
615 24
605 193
275 121
80 18
36 556
766 365
543 94
221 468
571 513
323 31
527 293
517 399
299 432
304 297
689 134
32 107
76 284
785 575
108 93
268 163
748 554
799 210
554 563
903 196
784 487
400 128
925 375
971 324
393 578
218 142
773 574
284 267
698 112
15 417
829 16
921 417
131 429
607 208
558 293
705 76
634 194
471 141
917 460
762 365
537 75
211 573
126 484
58 254
379 262
605 530
247 572
604 412
68 155
38 575
619 12
703 217
743 583
711 338
435 552
789 330
353 364
261 431
311 323
197 25
283 510
713 18
146 491
880 499
346 38
651 82
476 139
36 394
426 387
777 14
120 16
728 555
306 401
842 383
123 85
201 463
736 526
827 92
49 474
907 77
364 487
254 534
810 188
953 337
929 406
912 502
119 257
416 531
448 49
932 536
275 311
788 458
862 469
708 269
145 538
201 445
991 401
243 232
557 487
855 152
824 482
433 470
311 292
263 385
1001 495
225 204
228 500
106 225
526 34
896 328
247 161
990 344
288 166
937 139
327 133
229 126
542 100
990 342
325 177
507 295
347 228
500 60
639 149
560 112
154 507
651 76
372 201
533 219
693 558
399 174
245 212
986 460
104 459
455 266
52 517
649 298
508 215
865 54
570 205
130 277
779 169
20 369
241 336
626 466
998 510
768 166
468 503
765 431
553 417
892 180
916 413
975 426
510 398
389 148
167 208
699 469
35 340
832 476
168 416
104 151
383 570
148 62
525 97
318 43
947 179
578 195
491 429
189 375
215 89
975 176
907 344
143 237
213 472
112 515
332 69
361 394
899 303
381 127
316 512
321 235
724 287
944 438
351 39
114 289
525 159
839 154
503 99
193 342
852 92
907 206
332 270
714 362
672 45
474 129
608 554
986 237
589 357
366 138
962 477
402 253
385 455
738 293
122 526
578 280
52 240
972 507
651 482
430 72
599 513
50 240
513 128
359 490
944 307
938 443
100 44
216 574
479 257
347 42
700 249
389 389
228 204
31 562
786 180
21 535
179 398
412 341
997 240
769 573
390 448
670 485
945 459
866 554
575 341
920 488
873 73
842 68
490 354
716 119
148 418
480 381
619 417
989 496
557 376
460 193
288 92
333 305
831 152
477 255
151 36
500 237
525 201
941 524
113 497
110 243
292 451
478 146
457 169
506 513
48 126
856 358
911 539
305 497
207 511
967 338
77 76
197 219
707 277
432 560
773 374
971 104
27 416
871 273
815 48
312 119
82 239
14 121
176 129
554 457
991 359
552 176
887 359
566 441
862 127
233 156
355 219
439 481
632 240
756 209
506 121
129 190
135 534
476 127
273 84
585 458
450 534
231 33
781 18
751 109
610 465
100 374
167 255
321 474
665 24
981 345
959 165
654 68
68 409
221 518
138 509
579 498
678 191
741 517
422 569
1000 82
454 46
971 132
454 300
156 358
187 277
189 197
146 227
976 297
867 190
445 283
737 371
408 322
649 467
772 333
539 454
82 76
691 434
430 364
164 377
83 378
537 414
233 418
1005 569
787 431
224 110
695 38
155 241
195 32
151 188
770 325
638 343
579 131
721 173
212 257
409 39
131 359
457 198
524 82
467 480
156 273
442 547
467 60
770 235
215 486
523 19
426 54
653 367
308 459
828 76
157 79
706 339
82 131
543 370
444 460
731 455
516 429
187 33
504 205
539 309
692 420
440 249
42 419
938 221
365 553
762 583
822 140
701 390
450 448
244 379
74 25
230 56
963 416
468 97
268 252
1002 467
964 296
813 134
433 321
172 174
341 546
214 86
220 93
802 112
975 225
380 30
916 313
613 432
917 70
170 505
983 89
879 556
432 103
772 421
267 365
477 286
772 340
505 11
421 577
558 129
252 176
263 372
442 548
946 373
772 487
362 502
106 99
525 115
752 328
217 355
60 527
441 426
280 168
719 455
152 123
912 293
33 472
547 517
866 457
648 53
428 17
296 508
986 28
883 47
933 148
656 446
689 199
719 289
938 299
484 433
534 317
469 450
390 214
853 224
328 106
873 196
250 396
104 542
885 482
873 343
902 146
709 461
524 243
458 441
686 483
372 118
237 422
682 169
592 359
777 462
856 400
490 317
639 516
321 208
316 436
165 44
621 496
787 490
121 409
346 269
85 53
922 272
374 518
839 266
42 564
780 497
90 540
979 174
598 87
71 470
312 88
30 260
921 339
892 477
956 504
744 221
771 122
258 188
252 89
1005 264
533 337
1003 197
793 155
246 348
104 482
204 493
444 78
163 309
942 493
305 154
113 521
759 135
613 430
924 437
13 340
891 327
537 42
63 134
779 50
700 575
517 455
194 91
34 403
144 347
227 174
693 307
313 438
199 492
368 328
606 543
950 211
738 333
374 383
796 13
1001 105
930 528
219 238
297 82
296 173
124 525
700 85
834 197
168 97
834 381
890 200
727 82
756 374
230 227
165 38
101 180
260 392
422 99
970 482
623 259
54 340
683 323
379 30
662 511
368 365
973 116
674 396
997 130
68 342
458 517
987 327
133 493
485 151
541 503
168 95
619 443
806 126
786 422
718 275
626 420
682 572
163 359
202 463
765 320
125 576
313 174
597 114
177 202
971 414
435 53
778 455
175 506
175 416
668 299
228 35
713 486
792 410
245 156
930 490
78 501
133 467
981 549
807 496
707 575
852 278
815 408
931 112
36 468
845 16
813 208
813 67
958 220
301 121
417 173
112 415
185 91
856 503
786 44
223 379
343 325
373 235
523 544
962 228
308 30
158 359
859 431
546 87
474 467
838 17
972 381
280 469
10 469
142 100
617 386
107 529
255 124
932 25
679 266
312 94
604 60
923 97
336 35
102 131
214 529
596 296
785 309
162 371
827 318
406 280
560 513
223 570
885 155
487 294
948 576
450 280
165 570
833 282
741 289
206 95
690 290
41 309
494 145
89 531
478 139
584 322
900 202
667 112
858 475
251 506
848 356
101 268
970 483
329 112
684 117
565 171
152 162
587 160
780 148
782 499
983 492
34 502
72 127
490 205
749 174
475 233
337 78
509 38
404 205
917 322
268 494
200 458
67 128
41 118
279 299
919 127
87 426
47 65
548 398
900 143
172 543
873 257
925 32
711 171
39 416
236 288
13 141
698 147
119 520
737 109
376 36
634 24
427 19
513 577
32 329
170 144
767 416
604 74
165 93
921 414
842 466
482 165
488 29
745 274
813 305
895 190
40 181
546 365
944 439
256 346
372 408
991 221
285 453
730 95
809 268
624 375
627 200
325 164
264 415
537 341
451 383
84 50
700 308
689 493
585 512
519 96
267 483
74 568
1003 340
972 63
274 161
287 164
601 541
751 318
497 495
677 258
538 179
175 23
286 286
781 388
784 509
802 134
708 363
497 343
416 519
426 465
884 572
406 195
140 113
248 485
343 327
400 475
581 39
934 555
334 169
713 279
913 582
68 85
130 269
314 229
849 562
131 49
268 313
200 89
588 486
936 22
188 305
546 308
726 317
530 398
97 388
76 153
497 244
609 330
520 395
68 290
399 243
1000 507
626 311
966 544
382 158
879 192
60 384
153 535
804 518
740 176
741 191
806 291
691 130
760 103
157 335
398 64
917 294
118 122
336 155
575 558
884 387
103 96
697 72
625 53
751 145
301 485
916 120
549 501
420 552
717 505
115 560
944 288
332 128
473 40
124 231
282 490
320 336
767 543
532 371
337 154
575 387
594 582
639 404
82 321
350 267
451 257
809 383
391 262
356 518
705 114
726 463
223 521
346 178
797 362
280 75
976 220
666 144
246 532
531 465
183 492
937 259
240 140
844 283
707 473
309 267
416 130
377 179
815 109
604 129
416 61
645 550
554 229
781 238
515 230
938 195
92 16
227 460
365 251
774 121
90 290
302 300
853 106
40 225
216 565
184 250
342 121
760 61
39 483
591 265
672 323
67 424
148 477
908 224
180 373
399 440
504 130
667 71
194 374
925 181
245 378
773 145
832 385
458 577
973 400
241 570
398 291
228 216
413 458
869 484
557 183
833 316
863 245
317 278
105 411
281 138
249 452
908 443
566 384
688 120
234 277
1003 87
51 98
988 325
106 140
31 209
27 481
538 199
183 232
761 500
992 499
529 13
76 242
142 203
542 464
996 398
653 168
223 299
968 184
63 385
887 180
551 210
769 274
699 376
840 41
56 138
401 94
892 479
757 169
14 524
758 161
969 364
747 561
930 158
222 441
688 225
977 127
917 271
227 573
598 62
975 103
718 142
53 80
748 262
623 292
1003 446
586 289
611 345
983 53
946 11
432 201
212 104
692 399
58 458
564 11
801 166
124 283
734 449
111 326
878 176
62 486
850 226
837 420
795 41
900 228
844 529
198 182
559 320
1000 406
703 134
168 121
1002 94
841 171
281 330
40 409
421 269
23 524
560 251
630 54
499 405
995 238
680 109
297 557
897 564
752 196
761 534
923 152
27 283
242 160
535 382
442 108
275 45
206 135
140 157
89 151
185 35
796 78
95 372
1000 301
209 12
490 214
570 376
552 571
80 252
716 262
966 455
546 440
438 157
55 359
404 328
31 32
42 53
429 69
814 141
103 349
83 430
808 261
901 84
982 454
968 145
410 124
755 241
78 89
524 129
505 275
167 112
491 382
257 387
236 561
248 549
829 409
743 220
796 200
896 326
443 368
378 359
702 225
704 45
64 152
804 490
54 359
995 297
75 330
361 512
62 533
461 547
751 47
507 436
746 59
147 464
171 387
936 482
473 411
547 247
767 430
997 145
221 494
262 111
67 448
417 295
46 265
911 172
60 24
163 530
640 524
889 73
647 231
578 104
289 70
392 360
375 76
692 444
205 102
782 382
391 166
212 354
972 342
130 141
439 123
653 11
334 246
785 547
191 201
916 440
308 564
350 92
516 459
254 199
891 487
884 508
134 81
615 74
37 543
38 517
768 40
450 467
132 341
978 84
418 245
693 542
105 312
303 30
981 159
237 321
488 372
57 289
35 272
623 196
231 140
438 61
247 230
997 361
939 123
593 267
772 365
977 332
308 25
312 28
732 319
64 227
484 334
736 299
524 33
401 576
915 363
569 248
543 320
436 318
524 450
737 541
213 384
71 238
892 224
705 563
823 344
742 223
621 53
641 439
657 173
714 562
696 232
633 284
828 241
619 151
992 10
626 86
968 145
621 365
891 153
307 67
910 300
919 164
347 541
494 576
421 32
474 405
471 197
335 545
74 279
550 284
209 542
250 246
608 257
776 211
16 121
195 470
948 131
276 336
493 391
117 541
794 300
925 415
593 215
382 90
33 237
628 346
923 308
233 48
563 359
928 130
908 508
401 297
55 388
53 299
182 534
356 356
651 366
139 486
360 146
806 472
268 513
525 318
130 565
540 375
583 187
167 226
489 259
249 322
60 311
983 414
282 42
113 260
520 529
992 144
584 476
168 214
134 15
938 391
266 52
847 327
925 259
158 89
477 231
854 153
519 353
670 375
79 325
469 533
845 127
374 111
161 282
261 174
49 177
369 273
576 154
975 196
129 308
735 86
355 425
38 477
328 369
410 162
225 234
817 129
238 361
399 527
547 293
504 502
753 89
803 427
984 122
650 550
730 229
534 365
872 272
775 421
95 440
422 489
959 433
286 432
329 13
491 17
239 75
368 505
763 40
140 135
767 303
678 562
73 144
482 175
680 349
44 211
420 499
906 286
600 473
475 306
771 258
621 356
855 162
817 59
974 374
187 335
642 441
141 364
973 405
555 155
774 289
246 533
955 55
392 301
243 284
304 577
727 85
839 437
648 375
23 12
432 252
185 581
967 400
683 433
760 472
415 140
731 351
548 537
628 239
65 88
622 434
621 53
108 13
750 494
935 548
276 126
955 583
339 73
598 66
604 368
159 83
792 287
494 336
395 568
178 243
809 86
639 310
964 350
708 191
397 108
466 339
828 119
945 503
85 319
1004 427
880 261
602 19
867 506
910 527
38 493
617 311
703 435
95 281
818 341
364 43
345 200
703 246
70 293
159 240
94 307
735 123
224 166
465 271
332 225
252 493
282 148
111 452
941 248
551 522
980 27
873 27
560 511
316 109
47 12
675 239
532 579
926 208
646 232
742 573
584 266
323 330
678 119
747 560
611 503
281 110
112 63
654 486
549 140
196 366
340 507
468 365
100 288
443 412
603 450
618 133
77 466
949 285
190 400
353 106
812 509
210 14
603 82
490 134
728 84
563 102
372 426
755 92
324 30
112 390
281 478
930 350
486 548
1004 517
397 62
371 266
806 567
32 131
339 343
460 26
23 493
870 581
869 325
757 215
641 332
936 563
493 524
174 576
567 129
549 27
435 296
987 324
395 301
549 335
356 282
536 61
846 219
744 276
929 470
808 461
268 84
390 434
512 517
635 260
557 275
857 566
83 308
132 256
762 334
27 409
584 108
471 381
863 266
48 267
614 136
264 526
498 332
537 390
948 142
903 242
255 92
396 384
587 114
626 330
23 221
445 53
110 363
932 218
945 79
663 112
731 367
339 163
315 179
58 128
943 358
748 135
620 168
270 578
487 149
454 292
444 62
12 427
629 342
342 210
818 118
35 531
747 523
597 504
144 236
224 13
510 565
23 32
15 230
235 169
84 508
902 69
402 536
812 558
752 129
423 454
58 245
938 52
642 95
681 459
1004 177
608 80
772 183
543 56
815 451
103 521
282 415
321 352
814 75
530 244
186 259
40 180
226 264
779 260
252 185
550 419
265 180
669 92
684 339
639 339
726 102
297 164
642 438
587 49
647 581
1002 280
886 145
888 332
754 254
875 497
30 466
241 363
402 569
227 572
937 498
484 114
502 185
570 272
215 523
580 291
93 176
509 358
442 19
906 293
883 270
181 275
945 121
23 372
146 249
331 14
926 270
565 336
332 134
551 233
111 491
303 175
451 250
994 550
944 211
984 106
423 215
558 373
321 174
613 423
641 103
365 325
495 293
974 149
880 423
348 73
395 61
90 569
277 510
634 144
722 543
866 524
601 359
412 491
900 222
203 277
784 506
91 427
394 251
84 215
409 520
164 576
893 100
544 456
152 105
130 486
694 578
913 395
320 321
35 217
169 380
660 431
778 85
51 100
631 422
264 573
378 166
738 104
572 301
260 31
439 314
492 43
282 516
247 410
549 478
796 203
492 110
486 325
107 314
260 261
642 468
673 258
843 564
110 55
592 77
118 260
651 166
980 438
830 469
429 507
404 56
992 220
501 166
64 90
989 532
160 536
739 174
470 49
63 146
895 426
841 327
421 343
438 552
244 329
447 44
626 383
713 369
642 569
995 136
556 336
841 407
519 83
364 490
64 307
464 373
893 13
867 409
615 514
534 127
471 397
347 95
646 408
535 372
13 154
809 50
417 331
260 352
132 26
740 109
942 58
49 56
327 503
968 156
39 414
536 276
301 17
423 173
757 397
134 390
306 208
234 197
491 460
394 516
929 545
709 382
156 262
529 402
569 465
240 197
817 404
929 272
553 406
960 408
128 552
895 102
931 227
969 289
437 410
939 327
316 419
141 138
304 302
846 26
66 87
296 228
756 425
976 475
476 99
357 216
848 96
849 400
199 179
103 572
1000 483
978 124
588 24
682 163
683 364
660 248
512 549
607 98
79 130
475 221
261 445
54 443
979 317
786 427
540 113
710 73
745 314
674 78
625 21
123 392
863 400
952 565
553 105
542 505
880 391
82 193
744 317
228 532
850 60
721 118
637 374
748 497
937 524
613 14
676 378
848 492
254 35
813 308
181 301
414 105
270 527
180 517
443 497
477 466
156 423
501 458
527 503
153 473
569 110
924 560
237 48
683 254
395 117
272 526
749 364
612 99
994 84
769 150
931 245
629 292
342 355
855 46
278 451
151 300
509 161
987 203
745 86
51 21
69 174
691 349
820 499
653 419
829 218
154 152
566 340
746 121
807 348
591 135
347 415
827 514
791 450
416 514
387 328
575 467
681 403
90 30
307 87
218 473
979 172
795 332
965 223
351 529
960 348
836 524
578 87
62 329
379 335
723 228
916 533
38 154
382 335
996 252
761 195
720 456
400 338
187 35
954 395
40 286
454 216
123 496
357 428
219 569
554 248
397 248
139 482
885 297
533 149
105 393
914 262
852 441
238 218
498 315
471 28
924 346
228 565
771 109
47 81
215 578
907 465
885 265
938 218
381 178
553 266
504 108
125 575
680 283
294 13
369 230
610 354
585 13
159 406
237 161
325 364
617 544
955 554
96 24
174 118
188 128
774 501
173 474
27 514
237 119
925 510
978 297
714 487
191 197
818 403
889 534
770 86
114 10
906 60
442 567
499 538
782 532
216 493
151 365
702 178
376 523
806 561
64 540
815 526
292 113
573 84
516 277
586 305
887 538
651 50
551 513
853 214
322 43
106 58
208 129
752 46
333 78
832 460
897 401
462 343
103 497
268 149
196 325
144 216
245 216
311 549
840 418
943 521
53 52
529 23
751 543
735 562
658 404
295 393
116 423
642 307
686 318
729 441
579 306
860 253
483 78
514 572
75 147
383 111
484 252
279 108
92 339
217 570
559 107
124 128
163 279
705 31
492 453
626 395
126 283
790 28
396 31
826 12
740 439
489 105
100 228
358 474
756 446
753 57
898 421
805 72
539 349
805 286
843 469
996 309
655 484
553 102
73 258
337 422
487 375
851 211
489 303
590 491
599 310
299 291
39 463
456 12
433 194
503 195
430 134
144 404
108 570
952 288
892 349
804 513
14 225
781 316
683 156
564 267
532 344
677 185
782 484
44 34
133 225
389 496
782 462
544 132
46 560
962 440
683 118
215 48
244 258
96 434
185 326
108 442
337 82
184 58
654 553
312 564
586 49
245 126
130 374
237 289
183 406
88 259
703 263
459 429
114 400
770 497
945 387
907 550
558 146
380 355
134 428
894 300
288 228
983 143
743 412
484 118
157 150
607 496
686 412
702 330
435 204
909 118
329 346
641 215
806 265
834 181
527 478
475 160
685 62
128 464
576 298
253 447
79 113
487 258
821 283
379 326
640 570
535 67
1004 101
591 564
15 580
569 215
55 380
172 180
400 406
147 71
804 214
523 142
154 41
463 414
98 551
130 374
945 339
442 211
655 451
662 535
356 508
26 505
173 445
962 319
390 317
443 137
323 62
891 12
870 241
267 564
15 321
602 495
872 534
888 88
972 61
15 432
599 120
474 445
50 36
159 572
443 308
528 204
382 384
137 202
672 536
119 406
691 285
542 505
580 353
908 220
798 538
698 379
775 169
903 378
506 169
240 452
478 481
609 576
86 26
926 71
45 125
260 408
581 533
118 384
130 87
531 289
764 410
143 272
220 73
343 512
1002 423
570 283
165 34
158 350
821 52
741 185
945 460
337 315
778 494
506 460
297 292
731 195
85 405
579 436
815 106
843 284
239 493
40 13
491 580
386 316
97 512
913 537
107 490
387 546
600 541
607 555
824 169
853 116
111 206
30 42
92 248
561 403
184 213
545 423
610 508
802 414
953 63
644 573
944 384
679 119
818 540
260 339
523 412
370 273
283 162
374 492
167 369
596 306
351 58
838 363
967 291
563 166
338 309
719 229
136 108
644 199
664 176
414 346
831 555
716 361
79 88
463 282
920 495
409 27
19 306
131 107
785 156
725 106
715 575
303 313
742 245
619 486
746 446
491 164
713 32
670 299
196 532
849 140
11 158
206 568
323 120
827 216
842 103
210 304
815 220
147 350
436 525
861 449
615 248
658 553
458 126
934 537
281 14
665 100
860 406
133 365
103 498
271 366
250 466
322 101
885 442
441 139
130 441
322 111
554 521
967 532
127 96
561 460
588 160
511 420
991 216
530 82
338 521
855 303
177 438
468 87
460 10
202 428
31 135
150 130
398 25
491 292
838 146
744 368
96 300
692 269
713 154
81 551
918 119
454 76
847 413
56 260
726 283
712 30
672 49
236 63
715 384
410 498
594 261
717 233
308 235
673 397
450 582
967 52
504 51
282 247
242 19
476 42
406 184
540 283
866 202
963 202
238 429
952 105
426 555
418 239
976 569
651 167
659 407
694 432
858 483
252 76
209 176
802 366
811 327
588 488
933 557
80 271
742 379
898 90
599 443
798 304
145 528
821 335
805 418
701 139
309 27
501 557
576 62
944 292
464 561
883 482
901 51
467 519
890 117
710 519
420 501
803 318
775 449
184 544
957 575
66 349
813 53
679 534
686 245
674 475
57 186
446 505
419 124
420 231
96 215
616 530
537 154
892 326
942 490
631 52
935 542
69 248
80 130
39 438
270 22
810 502
169 285
20 582
67 38
711 380
464 552
410 532
566 173
132 464
356 142
230 475
275 314
938 433
938 327
15 140
506 200
269 286
60 63
78 49
699 96
22 491
931 328
63 100
629 295
824 485
769 477
175 110
248 506
294 390
986 404
292 337
29 160
981 243
741 480
28 461
663 284
422 544
292 390
910 434
491 31
801 112
686 294
123 454
984 328
18 381
616 528
284 490
682 496
626 474
143 423
681 132
434 302
219 474
484 474
462 367
681 241
970 169
137 97
200 491
324 48
910 312
419 170
400 253
359 359
422 56
494 76
123 69
105 18
469 468
285 31
379 561
92 302
311 371
340 507
245 553
620 314
498 286
249 83
954 139
739 420
920 544
297 520
976 437
199 311
882 19
274 320
424 177
428 464
406 10
61 564
326 273
701 417
454 517
538 252
372 96
682 247
329 157
154 408
277 294
649 488
808 49
239 456
24 419
783 337
330 472
972 554
340 526
215 293
442 52
101 113
925 206
921 351
577 282
458 354
404 466
828 44
766 64
263 305
548 574
115 308
705 124
349 207
578 249
653 274
212 34
729 12
352 69
209 166
624 277
598 82
590 350
59 248
231 354
124 294
263 349
552 389
220 46
907 279
439 251
713 324
213 503
602 254
911 21
308 78
454 337
462 30
70 422
378 91
653 559
55 118
552 308
778 371
402 258
545 377
68 191
387 357
599 359
656 421
775 20
944 240
605 221
91 34
661 277
947 573
782 238
129 568
503 188
1000 463
331 169
640 110
703 289
490 209
911 66
551 16
924 284
654 581
719 89
103 303
29 468
672 192
30 557
43 241
443 279
332 511
407 126
67 370
894 76
151 51
517 531
313 532
175 459
869 475
527 308
172 478
916 236
261 470
460 10
293 118
161 571
571 299
491 239
573 100
1005 403
12 20
400 188
861 164
107 79
283 184
520 406
84 559
114 78
200 15
539 322
291 347
12 491
244 578
314 304
703 441
436 391
659 56
852 576
306 380
73 421
408 439
935 381
844 50
728 35
517 110
352 501
862 238
484 258
678 136
818 482
931 258
912 194
68 440
12 96
541 414
774 373
409 499
336 25
656 369
115 178
229 553
715 499
642 252
96 21
891 308
520 120
146 198
314 34
18 73
319 446
222 210
323 495
700 155
778 247
537 142
267 399
255 425
753 66
159 237
115 53
738 152
690 432
802 50
829 142
225 159
195 339
140 563
968 232
908 343
15 230
537 59
110 335
239 274
503 149
607 51
263 377
69 513
963 282
772 263
586 415
840 167
338 111
114 168
715 28
34 386
365 151
904 42
178 492
233 449
356 390
195 406
919 432
388 564
29 63
578 126
56 404
211 386
296 344
595 421
241 220
637 193
15 407
973 11
582 114
686 528
781 115
373 259
955 434
565 249
815 230
414 537
459 563
80 138
761 58
662 269
38 355
424 377
738 426
58 75
421 576
157 32
519 526
881 392
185 434
276 446
408 337
606 121
131 487
517 222
175 380
789 551
376 108
158 485
428 470
333 62
850 152
946 318
911 113
661 53
16 98
911 199
522 64
265 324
102 307
440 85
856 358
382 411
261 145
325 562
566 445
353 76
43 280
603 264
865 260
864 502
19 545
279 356
196 10
1005 149
142 546
386 567
413 190
129 358
122 456
177 513
1003 366
998 321
645 138
894 27
603 56
370 319
437 219
975 199
924 101
661 108
248 476
879 132
630 235
229 398
357 399
255 414
827 489
225 400
673 474
961 14
697 111
794 121
714 328
581 287
651 397
603 64
188 391
454 528
389 249
386 305
900 252
841 401
789 35
102 357
1001 549
558 195
212 432
730 144
23 198
463 177
371 146
388 49
367 166
193 560
420 492
237 51
34 574
945 66
43 574
105 273
1004 522
640 197
909 346
957 294
499 500
500 460
305 275
245 580
625 75
243 10
827 13
183 466
453 241
499 350
74 110
435 186
161 246
33 575
264 452
976 292
228 329
528 421
263 250
21 199
25 148
827 454
555 406
608 310
37 442
398 285
606 31
999 173
723 583
732 432
916 199
644 402
87 57
573 453
760 571
133 360
748 16
612 443
785 315
209 58
146 160
743 464
255 136
333 439
673 540
779 335
752 342
553 422
495 141
1000 434
614 107
935 420
909 188
644 108
586 196
335 415
275 238
298 518
719 505
323 82
671 409
801 199
425 143
997 304
458 76
989 559
949 520
332 277
375 256
375 366
644 113
508 372
762 483
344 288
332 428
693 448
585 350
165 168
826 422
824 506
62 198
174 77
640 51
768 172
297 467
791 489
827 143
754 495
919 165
889 195
501 142
990 418
974 444
74 139
296 212
822 352
529 126
263 282
317 512
999 213
72 556
449 548
907 551
307 71
40 407
897 464
597 63
601 29
24 49
274 361
307 376
488 234
987 297
901 408
677 292
812 368
593 478
543 127
282 540
149 492
861 27
754 484
831 254
11 160
845 410
986 127
196 389
964 443
125 199
305 75
587 52
446 327
196 514
579 140
654 214
611 582
669 411
871 60
700 160
174 123
978 303
676 345
534 340
175 366
327 53
275 426
491 447
989 198
526 195
976 22
195 366
594 213
931 252
262 23
246 55
995 303
412 533
217 205
134 424
419 401
683 575
190 310
230 161
676 564
646 408
831 162
142 511
519 133
708 377
443 496
33 439
994 520
927 435
285 425
418 285
337 490
292 68
175 463
601 297
93 147
322 360
903 468
167 580
351 49
103 320
725 544
50 166
551 477
748 370
17 448
434 143
167 96
692 318
63 576
923 167
439 309
811 187
603 221
664 533
669 139
563 377
793 192
15 162
566 132
78 559
744 175
748 98
52 475
983 560
631 186
83 355
54 77
312 426
687 298
427 296
637 226
728 108
498 370
672 75
241 530
462 402
76 325
791 540
468 70
134 432
583 241
984 313
922 318
190 344
170 521
864 207
501 59
55 320
154 314
958 251
291 185
274 538
368 141
386 299
658 184
750 196
468 507
773 306
929 238
897 21
474 37
721 87
256 272
790 254
318 366
615 10
907 555
867 49
769 207
10 229
587 69
486 380
312 497
343 224
41 491
159 75
900 202
306 188
470 132
380 214
662 510
292 203
699 335
743 509
230 164
713 89
327 559
847 205
357 143
775 206
329 403
725 318
708 172
284 67
941 102
861 123
474 67
75 259
210 141
459 100
385 494
151 508
270 386
245 524
1003 463
836 318
768 166
460 51
490 296
553 537
224 127
933 332
385 548
686 326
720 347
925 391
216 343
711 308
889 360
923 246
711 552
126 270
223 355
854 211
146 168
43 371
639 396
958 52
878 282
513 48
688 532
601 50
252 494
204 184
1003 179
931 91
705 150
95 196
459 245
457 477
174 309
865 104
371 539
651 63
290 263
746 30
420 114
696 417
478 167
708 42
841 187
17 398
516 57
294 570
872 563
554 277
145 310
674 565
144 266
580 251
388 468
306 480
491 256
375 510
716 79
268 498
542 248
923 165
288 312
927 169
782 530
24 161
798 389
258 270
918 100
271 340
978 532
12 305
394 297
337 200
286 190
486 205
701 582
780 305
444 427
963 183
90 74
968 211
660 390
644 108
798 566
782 47
307 422
227 466
992 157
625 84
900 352
920 514
419 389
488 76
309 40
904 187
336 497
101 140
916 442
392 200
555 258
392 278
783 162
377 388
994 233
952 229
13 490
477 342
475 142
190 109
154 572
994 433
785 257
301 205
735 384
318 454
602 215
51 311
225 465
63 259
246 325
16 273
785 385
581 109
273 354
859 438
681 243
808 411
846 266
70 520
618 10
771 281
910 120
504 164
65 445
252 439
476 65
540 166
652 73
340 540
708 389
246 343
870 263
833 287
979 192
200 168
107 195
635 321
688 195
966 55
680 63
955 156
381 360
236 549
515 327
772 258
669 73
510 336
887 343
77 20
66 252
365 466
143 199
1000 325
38 261
399 188
1002 29
689 16
747 63
234 219
395 235
304 260
839 232
421 373
57 208
415 99
667 551
106 62
595 506
376 298
890 496
247 247
943 226
178 310
756 224
771 574
233 327
34 496
865 420
536 123
844 84
935 243
626 349
140 131
961 255
829 204
185 477
565 264
827 110
716 147
50 259
552 522
462 545
89 134
932 301
147 173
551 42
110 340
857 119
296 402
736 54
491 114
20 453
943 222
694 107
328 51
129 80
837 107
361 579
812 170
525 227
888 11
855 156
151 390
142 384
432 378
468 386
693 531
874 24
230 390
197 112
210 226
333 169
728 137
867 303
882 209
318 46
367 362
586 134
784 372
856 532
420 111
874 396
627 579
647 550
138 281
309 565
982 582
289 569
232 62
153 14
367 556
703 220
620 566
66 85
832 26
359 103
65 358
264 508
880 74
443 79
570 301
261 17
290 532
245 17
441 38
530 428
840 394
436 501
341 564
603 479
320 193
323 48
94 235
968 69
313 29
808 559
62 355
334 201
354 316
684 471
867 144
498 511
266 128
986 487
332 179
594 437
370 128
927 486
239 30
253 401
129 266
330 525
865 525
354 90
137 265
829 350
151 40
530 344
161 454
835 423
1004 543
39 160
166 334
653 188
680 355
848 560
782 131
890 398
656 393
604 78
261 203
691 56
660 444
720 140
637 551
128 112
804 577
834 179
943 480
189 99
291 111
330 279
33 159
458 461
363 319
376 365
475 530
847 86
188 549
770 453
941 517
284 34
875 233
613 420
423 142
264 371
734 167
602 466
709 482
351 33
22 47
591 478
610 547
446 132
904 518
437 36
928 547
493 543
654 419
363 482
803 471
686 377
116 84
204 285
248 517
792 113
97 444
577 296
640 309
399 335
57 576
292 276
372 577
606 485
785 198
917 137
571 567
945 54
711 513
326 371
518 219
43 583
321 230
297 476
537 295
404 189
427 336
553 168
295 273
559 489
26 200
487 295
979 129
18 572
479 250
467 87
278 582
588 528
24 537
454 339
396 395
129 450
368 148
437 58
655 259
638 455
372 569
93 381
536 253
859 495
346 311
987 534
730 406
117 119
279 480
289 356
324 549
393 20
910 247
250 515
722 21
144 120
988 300
263 443
319 444
437 210
266 509
184 63
818 220
644 439
843 37
747 563
85 16
675 106
865 223
538 497
788 171
579 562
810 108
122 344
778 359
608 295
798 120
934 364
68 511
612 28
249 13
813 123
398 328
303 20
392 579
749 357
338 124
694 542
985 340
95 346
269 263
786 147
310 562
583 286
121 470
103 35
453 468
675 75
303 117
12 170
634 341
689 27
904 436
18 259
97 445
554 463
626 401
249 80
959 276
128 450
841 244
344 52
43 372
43 331
892 116
852 340
707 184
476 485
743 91
482 384
417 504
21 233
275 445
794 282
992 408
132 290
48 206
30 187
390 363
248 222
100 340
706 334
539 491
317 132
410 552
21 273
730 517
685 542
203 548
974 99
219 545
927 23
478 52
169 484
922 456
965 291
411 256
723 309
672 25
51 484
734 112
804 214
1001 252
208 581
786 162
297 337
268 223
87 205
997 298
428 87
564 549
839 131
47 324
741 132
501 37
695 80
675 363
517 175
806 206
778 570
883 424
416 395
118 255
711 485
650 277
16 461
431 105
1005 45
316 430
91 506
356 523
946 178
104 35
605 247
1003 264
401 337
277 304
855 491
294 155
405 100
524 129
58 413
91 551
327 391
627 365
118 28
934 471
829 520
345 288
923 310
556 573
137 396
39 369
122 425
297 277
92 111
839 241
670 202
27 546
231 353
149 478
452 545
227 316
100 445
533 246
735 145
85 391
816 277
680 416
268 31
360 381
613 88
321 229
943 403
19 446
813 266
417 292
146 455
364 290
31 201
84 69
801 344
453 42
184 375
374 477
925 306
703 111
748 470
639 414
266 270
764 44
717 365
242 336
640 99
1000 542
318 151
332 375
149 227
634 437
733 195
676 163
638 22
98 51
301 342
60 353
290 313
621 303
821 297
764 321
364 419
31 425
748 56
695 221
958 537
44 39
236 561
331 222
913 204
239 63
977 134
676 147
934 377
92 115
58 77
199 224
599 46
994 222
403 437
142 113
917 255
35 121
717 491
922 222
606 13
743 231
274 265
668 323
614 557
862 470
590 195
905 119
105 332
355 480
411 346
764 324
495 142
380 407
59 184
741 484
361 69
146 239
802 413
658 130
468 155
904 427
400 283
67 561
611 42
824 538
810 457
249 144
365 295
416 553
745 335
980 405
460 332
636 467
755 195
498 130
713 352
181 96
193 258
354 404
640 113
722 416
665 219
574 323
415 266
269 556
882 328
165 568
195 20
503 561
909 46
152 535
301 237
475 21
471 277
194 523
901 522
381 522
621 80
495 243
680 136
95 344
908 342
802 446
871 361
948 306
205 112
145 368
248 53
892 572
423 543
645 282
736 41
789 220
796 229
292 30
863 10
936 151
457 441
693 442
862 18
846 199
479 578
389 208
586 111
341 523
185 290
153 300
907 189
96 14
45 305
997 512
665 556
577 229
493 248
188 214
729 242
322 125
1001 135
750 273
886 101
415 55
972 15
726 284
325 197
404 350
185 480
92 213
156 514
707 447
754 101
899 183
904 63
510 151
826 37
395 173
330 374
521 92
193 312
999 321
48 238
618 407
702 523
893 334
353 216
402 380
394 23
489 389
501 268
106 421
158 119
778 173
125 385
605 37
525 204
566 195
906 427
696 314
868 543
285 401
12 418
147 231
963 334
598 90
450 150
529 470
19 260
987 491
585 471
273 497
100 284
577 272
998 40
433 241
600 223
827 497
300 412
828 70
425 337
545 337
29 401
457 485
280 31
84 461
936 327
869 331
171 230
856 68
537 178
775 416
823 514
644 196
554 463
205 253
798 563
748 276
639 551
766 206
469 152
679 238
182 39
259 245
893 161
257 101
223 185
467 468
532 418
68 205
402 493
960 97
913 202
922 193
733 289
371 490
437 462
425 74
497 453
782 498
613 361
640 108
886 105
697 233
952 395
404 393
848 51
533 116
891 184
137 161
46 104
724 68
452 535
912 387
647 190
239 16
552 307
912 85
800 263
756 497
193 318
1005 126
422 535
701 351
812 114
836 346
240 152
155 513
528 285
537 89
580 34
335 14
469 366
469 481
754 553
839 441
203 449
883 395
286 372
834 284
241 246
771 266
969 33
984 74
808 94
572 189
115 240
418 197
52 30
667 224
927 402
568 443
254 387
651 417
853 164
452 233
893 320
470 371
964 433
263 234
794 580
62 383
716 355
388 580
182 412
388 531
380 458
59 246
225 392
984 18
929 519
71 529
478 70
587 347
810 334
116 18
579 568
411 480
469 543
877 463
669 279
575 350
40 549
578 570
78 248
239 78
897 159
648 186
742 496
716 295
900 512
58 491
821 443
673 175
83 280
836 522
634 48
615 285
780 457
831 527
574 190
680 52
354 201
665 550
381 334
546 108
113 313
739 506
884 558
123 324
860 143
533 387
188 133
68 350
240 108
641 449
863 306
103 45
547 467
132 359
49 186
108 62
97 220
906 245
77 239
762 439
882 403
250 301
421 487
853 446
111 517
289 456
633 550
10 485
56 250
1003 234
630 465
157 499
692 427
442 285
987 467
520 202
477 131
758 561
899 143
374 202
924 317
799 64
947 148
636 299
761 547
998 563
568 392
853 111
116 386
843 66
398 275
791 138
949 334
589 421
979 528
677 291
441 270
444 127
104 466
209 544
538 114
992 439
180 10
185 479
43 509
214 72
290 542
212 13
453 471
906 507
578 212
318 425
958 308
146 462
577 133
743 202
377 529
119 481
562 180
665 498
147 494
22 461
859 509
491 326
925 64
642 395
878 377
341 321
457 527
878 448
734 370
127 469
338 445
563 427
281 324
320 468
1002 76
756 434
466 559
991 555
542 173
713 295
412 184
159 224
436 554
878 359
556 476
100 238
67 358
529 293
786 170
667 81
86 106
471 395
488 264
678 276
993 314
268 143
263 342
254 364
359 28
604 234
952 298
544 580
262 125
182 493
817 50
654 513
90 79
269 549
565 272
502 509
236 550
862 72
92 582
14 202
67 314
182 268
217 471
853 422
774 137
341 289
778 479
392 71
18 290
340 55
503 433
955 136
506 205
53 290
752 539
861 551
496 325
653 45
743 491
1002 382
439 371
926 377
156 219
899 562
874 222
567 225
975 337
14 52
162 463
814 484
25 231
628 435
696 103
128 507
685 510
775 376
371 306
159 312
918 355
591 188
195 72
71 220
499 502
390 106
44 177
470 548
858 39
481 119
198 452
812 465
554 262
822 258
112 175
347 82
854 432
561 262
911 246
38 68
528 318
885 294
527 326
452 466
193 241
677 71
356 531
89 236
896 366
730 184
788 52
772 393
829 98
510 143
860 126
888 81
787 522
775 94
948 206
517 37
974 299
346 295
503 206
139 38
242 13
145 435
760 50
490 277
149 471
152 55
364 361
215 196
632 481
284 146
115 412
539 289
810 427
318 364
216 511
530 527
140 186
222 317
567 204
307 112
527 170
539 261
314 273
937 402
559 144
425 189
836 294
578 256
664 459
858 510
167 176
72 75
42 413
21 326
897 549
139 446
598 168
134 238
167 154
672 517
110 344
134 583
876 580
491 514
502 40
239 16
637 67
866 141
576 45
103 251
110 469
635 468
651 394
354 233
654 94
358 574
938 444
605 64
179 578
176 70
344 183
245 231
617 479
555 293
893 403
484 274
710 397
445 255
783 29
77 493
719 227
100 531
818 231
293 277
775 329
492 416
775 570
995 325
663 174
483 154
186 318
377 29
981 159
156 252
515 336
23 448
559 392
710 389
718 321
192 13
447 576
512 151
236 65
593 201
40 83
353 379
938 346
933 436
366 421
425 14
218 421
930 475
462 21
969 426
541 111
573 555
580 431
110 413
490 337
530 463
594 124
487 142
428 405
274 296
328 89
490 164
43 168
138 312
958 83
580 261
1002 332
387 35
136 103
298 579
14 383
967 14
526 299
40 540
773 131
644 110
904 543
542 458
453 67
347 222
521 89
809 73
975 453
1004 504
507 451
552 558
29 540
25 330
792 125
404 123
189 287
565 204
81 236
935 123
521 14
839 182
108 556
543 419
663 259
12 554
748 255
587 533
899 265
147 48
407 313
79 541
414 132
664 254
565 563
919 400
780 42
26 574
229 400
865 21
931 165
958 358
257 268
275 369
891 168
665 244
784 316
788 478
282 520
667 545
871 429
747 240
166 349
438 57
157 56
183 563
995 216
666 535
424 226
146 338
178 475
511 30
370 190
138 393
650 395
314 207
129 297
75 284
649 250
582 551
630 148
709 255
720 450
616 577
135 274
357 225
469 486
170 120
65 325
386 375
924 32
55 125
657 184
244 538
453 70
927 468
485 452
528 146
909 93
327 158
881 219
333 104
446 200
1004 369
702 465
41 566
905 73
499 389
117 254
687 419
543 431
469 106
232 24
131 365
119 537
164 46
36 469
89 449
811 102
883 349
382 143
958 219
992 187
748 201
178 523
494 495
947 495
563 417
854 415
218 364
46 128
789 123
610 288
454 420
866 545
833 112
241 266
353 59
231 501
160 457
354 443
941 393
432 375
378 38
97 581
79 157
710 541
116 460
720 580
640 208
882 230
652 561
166 213
174 346
1001 443
617 153
720 578
555 240
880 510
257 158
345 243
931 214
178 323
273 29
431 543
303 201
204 286
255 92
856 371
578 202
575 229
195 523
571 463
345 175
579 30
247 313
829 542
873 212
43 190
721 348
794 207
603 86
874 300
263 554
102 178
490 474
931 507
866 369
250 341
773 358
709 31
647 372
97 352
444 426
405 388
345 429
88 71
15 76
621 256
511 197
931 375
375 571
580 82
187 433
351 65
474 356
955 42
497 398
380 302
922 91
921 179
798 32
34 191
785 350
983 467
353 36
115 40
598 140
783 128
341 108
640 353
13 425
831 347
465 352
266 62
891 494
394 527
94 220
402 362
58 153
910 105
201 87
949 525
615 569
479 362
685 408
666 296
613 99
23 479
607 281
205 291
370 511
91 455
997 524
158 455
772 61
280 22
71 433
666 511
700 189
457 426
164 577
898 253
519 187
670 116
105 20
443 397
368 380
830 416
917 84
239 162
950 11
560 430
563 294
523 27
271 395
547 68
998 163
26 229
265 375
461 547
466 481
737 489
413 377
179 345
454 191
918 334
828 420
404 375
684 286
553 185
802 417
204 234
364 304
219 492
897 537
890 470
479 398
97 459
177 445
122 390
504 301
13 566
417 477
543 424
159 331
870 432
15 183
659 150
199 119
898 154
373 262
278 255
398 164
639 15
541 507
20 233
616 526
277 518
262 155
949 180
730 297
197 57
792 267
934 530
469 579
901 197
524 56
588 82
529 154
392 392
723 65
15 458
336 579
191 582
922 90
750 44
857 362
136 23
537 37
538 170
801 392
742 38
518 547
146 231
297 519
932 518
760 402
258 163
53 533
509 539
483 495
366 331
24 412
888 68
546 470
462 220
764 334
571 299
354 106
228 163
69 307
565 198
922 72
821 105
166 503
765 382
408 547
884 437
607 56
964 398
100 305
319 543
450 31
45 509
422 526
349 491
248 176
216 122
632 448
43 581
265 192
262 122
833 257
80 522
816 52
412 402
289 118
675 559
436 201
437 181
804 155
165 140
595 350
120 307
392 219
919 330
782 265
225 547
225 574
874 399
163 161
772 546
752 327
1002 323
982 14
861 410
124 573
737 228
381 133
840 136
752 411
245 326
759 72
888 354
665 115
840 427
867 134
95 284
878 493
706 144
436 508
549 571
492 424
94 11
879 323
381 472
512 507
903 566
70 252
75 380
457 253
457 205
346 194
762 577
545 86
982 516
853 263
355 256
557 301
953 233
278 308
885 514
934 492
796 382
562 414
553 99
681 557
82 42
297 357
69 20
130 328
717 25
321 37
147 433
496 276
132 118
332 360
299 387
704 292
1004 177
861 112
104 527
305 144
387 410
920 343
419 506
321 120
927 251
108 541
415 224
72 504
193 556
459 294
484 298
481 293
328 280
943 480
782 64
428 365
826 279
439 58
296 367
200 471
298 63
196 456
803 575
155 524
483 240
302 489
672 227
354 575
940 176
246 303
444 94
710 442
916 364
414 313
804 406
334 338
813 376
630 486
608 170
510 331
294 243
953 510
329 349
861 133
582 555
810 328
676 259
195 178
487 425
783 343
38 264
212 289
541 57
365 414
522 366
139 199
501 312
597 234
377 374
994 583
465 366
801 160
226 427
632 236
340 225
899 506
431 416
123 118
848 317
937 428
257 432
1001 38
67 490
482 228
955 202
138 374
262 468
