753 238
781 247
303 250
700 498
433 255
846 158
927 24
100 490
369 163
781 67
744 379
65 184
693 470
157 471
785 376
354 282
759 300
694 125
308 202
99 529
279 485
926 530
428 434
969 326
877 253
522 125
763 162
992 193
46 212
539 144
814 468
268 191
923 518
534 65
176 503
866 332
474 435
475 78
716 54
593 289
98 526
118 93
596 43
135 142
158 513
369 406
382 441
445 495
414 477
354 425
427 142
855 548
911 199
697 269
674 185
203 122
223 292
447 387
326 64
357 152
987 544
351 138
177 311
492 524
590 16
992 348
880 121
813 298
81 103
321 302
539 279
421 154
656 202
476 468
184 60
280 405
373 333
438 578
242 165
953 420
590 300
744 67
775 79
164 471
965 494
505 199
820 186
165 498
528 458
356 383
209 167
778 518
162 486
943 133
961 39
131 394
744 310
921 323
330 389
274 465
465 556
698 237
520 173
659 285
319 282
735 137
545 38
1000 512
629 166
923 164
742 352
124 106
824 582
904 205
945 378
348 28
851 324
513 257
804 563
398 116
1001 365
545 283
465 470
72 490
312 20
663 403
864 200
359 23
567 502
660 501
259 462
740 229
870 356
380 271
323 16
616 180
645 202
688 347
525 413
183 131
570 479
706 368
368 198
860 43
146 349
345 161
348 469
409 177
236 438
630 159
301 563
697 564
226 123
952 259
44 163
403 531
716 79
863 311
908 446
913 132
147 460
353 186
241 245
527 334
286 539
846 291
222 153
348 447
826 16
13 374
174 251
300 550
339 386
868 335
785 203
199 373
857 322
241 338
129 76
469 404
740 155
812 463
676 374
304 147
279 30
191 297
624 581
237 173
549 123
29 545
704 130
165 310
591 465
557 174
69 144
29 476
159 263
665 501
896 97
236 15
180 158
523 545
729 314
582 287
760 382
510 493
649 165
844 119
972 274
854 326
246 27
664 37
539 156
135 323
196 583
509 109
529 544
991 61
768 528
434 285
998 168
811 576
514 403
866 118
876 310
345 84
422 400
422 23
236 223
294 130
739 578
618 128
731 48
424 395
1000 265
765 474
697 280
628 495
55 493
515 350
36 45
947 128
683 284
313 156
822 225
245 468
306 87
648 339
291 105
354 108
825 403
192 365
594 380
551 356
52 461
474 90
740 294
437 514
690 505
240 240
252 110
891 113
82 458
489 303
510 341
479 495
777 315
595 417
225 301
835 148
30 59
255 257
549 18
11 86
337 21
649 573
546 189
122 465
898 292
812 199
269 500
561 201
856 544
315 90
120 545
252 22
278 38
730 519
94 39
961 307
802 253
910 494
969 554
791 78
458 142
178 303
792 535
667 446
710 276
547 338
947 337
791 247
200 37
946 402
81 118
535 439
420 578
50 376
296 307
159 393
342 128
295 80
808 354
680 156
759 216
167 273
920 10
749 325
379 33
149 425
505 16
238 251
945 379
132 307
24 477
890 124
360 551
475 423
46 458
584 524
201 229
329 50
685 472
61 14
751 256
418 384
785 458
995 21
836 250
870 512
154 182
121 322
843 568
656 53
487 479
588 522
886 528
784 101
969 101
453 85
866 117
795 192
343 259
204 401
657 103
853 60
732 129
219 581
386 281
443 137
13 199
455 49
843 552
289 308
899 402
275 407
429 425
239 249
680 374
845 183
411 143
962 324
491 353
616 123
950 527
564 383
905 239
677 34
158 312
382 433
524 131
721 222
623 19
699 396
297 109
378 432
64 550
745 252
419 484
327 117
319 529
70 152
806 88
870 548
529 90
915 102
724 401
980 98
414 523
388 375
45 227
313 38
1000 385
635 260
398 559
606 295
669 441
835 271
319 361
337 83
695 380
795 400
787 238
585 355
276 555
807 548
634 359
320 140
77 31
952 194
733 341
86 93
134 90
775 57
444 337
115 56
262 461
457 78
583 517
69 41
991 559
74 436
890 163
162 408
164 131
336 347
492 79
117 574
157 532
889 182
818 333
635 166
808 91
944 482
33 239
68 261
783 100
548 462
346 428
539 186
719 295
302 186
192 293
651 514
206 380
761 108
362 497
920 496
307 80
379 350
856 82
259 271
399 463
215 175
411 426
231 439
525 215
160 491
843 539
877 322
170 282
889 455
933 267
517 355
655 344
475 229
158 305
969 338
435 56
278 74
753 28
791 25
932 292
890 480
578 102
644 165
308 54
175 151
324 560
300 231
404 199
229 485
403 356
94 428
120 490
579 456
771 170
50 490
220 152
302 448
526 20
441 366
457 222
810 124
123 11
494 267
780 211
980 443
815 156
996 542
341 362
704 319
764 468
554 148
509 194
677 28
696 199
683 184
548 65
748 358
583 226
93 423
860 531
445 567
46 152
510 322
835 115
233 200
862 439
482 358
538 99
384 169
95 101
206 448
460 223
129 379
16 419
224 449
190 248
530 460
926 132
353 68
152 411
263 559
269 179
284 65
798 49
856 305
551 149
350 453
832 381
868 218
593 48
698 164
656 97
750 259
87 152
246 205
584 158
149 403
148 261
555 343
912 264
653 23
292 223
372 347
377 130
866 558
231 386
488 37
612 93
288 442
239 185
829 206
933 566
651 242
226 231
921 126
356 56
500 62
475 188
667 38
11 129
637 391
916 474
23 153
261 452
206 209
735 397
299 543
748 344
647 204
891 526
10 224
960 209
789 16
277 424
187 36
808 214
420 222
924 418
155 243
645 533
580 89
210 22
947 307
644 572
746 504
901 163
680 95
81 169
199 497
664 136
536 300
185 116
18 192
294 461
112 559
424 43
297 505
466 269
407 568
577 70
463 188
805 382
321 575
431 364
139 133
797 187
465 171
526 110
825 565
547 362
733 146
525 21
500 32
13 209
916 120
956 254
962 483
421 153
545 341
618 304
841 172
174 62
296 356
603 270
414 472
954 460
20 25
911 423
288 334
242 552
328 308
482 324
777 22
472 431
649 557
821 400
404 214
534 469
509 363
637 71
106 359
884 441
888 576
376 336
538 484
199 353
631 109
55 165
478 143
550 57
512 485
435 417
265 74
431 423
920 206
592 260
557 14
962 270
94 553
440 489
852 317
394 245
214 265
710 285
867 160
713 262
530 529
193 332
851 147
463 361
587 237
616 73
350 311
408 404
815 512
967 316
381 481
969 409
705 125
181 143
918 192
849 492
856 74
141 70
481 567
381 302
554 41
32 377
473 448
242 204
103 255
774 370
469 70
890 471
325 54
724 43
780 583
509 121
434 348
166 32
148 185
798 467
358 30
420 140
1001 39
934 19
767 428
402 19
194 322
389 422
182 259
576 185
505 398
416 79
629 61
668 242
23 174
214 443
115 541
27 577
112 82
118 437
408 139
13 329
627 101
16 400
330 39
665 191
492 455
668 338
558 518
714 158
701 444
773 50
377 505
827 388
576 377
262 252
281 436
561 540
568 154
692 460
981 106
707 359
337 317
493 65
530 266
372 515
870 553
942 109
840 181
631 60
534 478
298 63
979 289
617 440
252 124
344 365
485 539
604 520
245 410
532 106
43 537
901 374
864 341
59 563
355 544
938 236
397 497
598 350
910 57
743 550
343 270
213 139
953 462
545 80
650 233
868 129
796 535
581 275
355 142
346 388
224 42
494 288
418 485
812 480
206 583
309 451
541 360
272 77
155 238
591 109
709 479
472 396
967 305
147 305
507 90
927 121
511 471
167 401
411 35
76 487
353 326
62 460
799 518
206 496
882 256
573 548
992 573
914 163
913 195
184 479
288 316
50 147
510 163
622 159
926 417
433 545
975 165
987 583
560 530
546 20
806 266
851 101
62 500
659 463
644 461
294 135
928 122
625 554
371 392
178 211
840 513
475 133
917 341
491 350
474 377
817 71
134 334
976 228
255 573
66 110
377 47
645 392
674 256
562 16
335 73
241 446
246 546
809 254
76 451
538 173
156 371
725 51
921 553
378 286
160 532
889 166
695 369
737 144
702 85
233 262
854 523
31 474
164 442
161 371
956 320
681 301
948 350
297 551
847 359
863 201
930 387
518 292
188 81
892 370
374 324
742 461
493 328
227 331
428 243
708 410
898 234
395 243
614 218
538 68
182 211
366 49
972 200
635 177
955 506
945 175
471 167
455 501
358 152
516 420
961 523
985 356
431 531
607 330
887 548
325 73
365 231
79 180
471 27
475 440
59 58
733 352
1005 240
389 448
765 100
965 351
27 114
407 368
153 460
398 140
974 494
1003 182
310 307
574 144
610 281
105 21
288 187
94 126
840 215
475 549
282 431
153 500
213 187
657 510
389 556
300 70
514 427
600 189
123 176
499 222
41 71
216 524
336 13
517 248
603 378
680 106
171 111
1004 101
208 56
560 508
456 85
854 484
977 558
768 234
446 160
727 345
765 261
707 51
68 99
175 66
34 85
371 441
503 341
479 465
855 551
202 405
793 131
259 302
248 308
688 411
112 554
75 261
177 39
792 78
820 175
726 12
637 453
950 19
371 558
745 180
287 38
