738 180
759 502
657 367
282 245
900 197
168 182
333 532
184 63
876 213
263 73
680 267
652 89
971 84
369 321
187 106
414 53
604 481
188 332
945 563
608 202
358 573
445 120
942 530
647 224
237 200
813 65
372 127
921 334
379 539
417 477
662 122
385 493
739 240
506 31
933 556
512 552
785 180
798 241
401 419
367 441
174 158
369 240
464 388
703 59
480 218
304 560
766 220
307 506
993 293
92 253
821 333
41 394
455 58
235 377
102 497
389 416
597 313
633 95
944 53
799 43
275 418
464 340
528 71
365 253
478 537
350 369
35 58
724 129
44 386
161 322
376 313
234 285
124 383
929 315
938 262
390 436
650 116
73 64
520 368
598 114
865 552
116 356
154 234
205 289
695 554
155 84
727 503
23 481
987 311
813 312
578 309
41 573
872 105
225 175
443 518
208 367
586 169
107 503
140 198
828 12
489 391
800 34
187 28
882 195
669 300
998 67
717 410
375 189
964 267
879 142
318 50
615 103
386 388
538 184
845 386
175 492
168 430
448 252
773 30
344 526
924 109
509 94
200 223
132 188
378 210
470 263
992 160
494 207
702 127
719 288
217 317
779 279
765 295
551 359
376 132
799 218
136 468
759 322
90 324
395 501
796 161
975 115
845 284
985 432
320 443
912 487
498 489
733 253
656 451
619 98
994 486
150 221
625 523
281 391
614 208
79 536
436 70
21 252
342 537
566 328
529 393
930 320
987 569
108 247
766 339
574 426
125 390
709 526
448 344
360 175
561 58
291 483
228 517
96 46
132 408
47 40
954 178
583 264
459 87
487 16
314 11
804 407
679 243
999 137
482 99
88 536
613 178
855 15
581 335
306 572
428 163
349 291
145 127
226 77
439 221
724 369
748 263
86 30
940 124
373 489
343 208
284 109
730 217
612 478
986 79
839 450
166 242
775 312
935 451
806 146
689 210
25 301
957 280
684 541
11 227
142 355
333 228
125 384
540 317
193 152
550 492
839 368
118 332
838 92
514 58
246 444
993 316
380 304
193 231
750 154
935 456
369 48
213 128
150 118
46 449
98 571
269 435
47 499
449 33
255 131
348 392
902 496
584 475
194 50
84 59
792 319
651 275
186 189
469 528
432 412
569 306
923 334
361 502
119 88
670 578
508 355
767 358
177 258
510 231
26 528
131 240
508 534
873 368
461 74
840 185
753 455
397 49
145 220
464 202
382 240
609 90
966 165
199 26
625 104
330 460
278 110
444 59
57 370
294 356
559 312
385 492
441 186
806 544
354 246
741 110
223 349
522 236
545 211
231 91
405 490
716 101
912 240
284 233
377 150
382 43
607 450
66 218
284 231
449 438
40 89
270 118
439 477
347 106
407 14
52 158
34 145
311 259
824 148
730 557
68 401
951 323
615 124
459 309
783 457
432 560
77 449
977 546
228 22
314 196
796 412
423 268
29 508
591 96
223 173
948 517
172 242
698 413
814 535
581 41
959 457
319 119
450 268
366 580
518 472
288 54
857 284
959 429
259 578
634 438
689 167
505 480
304 376
543 95
178 30
614 484
952 133
988 549
47 424
974 420
849 319
693 195
708 360
490 384
24 138
265 436
525 192
390 34
787 225
761 467
872 235
996 305
126 544
48 90
161 231
628 278
103 382
614 142
792 86
674 260
127 337
345 423
523 28
295 85
482 148
93 70
250 492
996 71
892 52
440 252
961 69
41 562
208 566
690 181
653 219
552 196
121 292
246 73
446 64
768 543
492 438
101 323
765 552
928 215
40 527
688 42
255 153
799 35
198 463
198 526
752 385
526 392
541 164
332 560
208 351
810 577
856 132
176 543
902 283
180 442
371 546
757 228
411 244
899 407
945 207
435 544
822 69
469 259
547 390
249 356
797 337
189 519
864 247
97 307
444 567
527 329
40 389
255 227
660 383
951 494
230 313
204 172
165 389
235 344
290 404
282 100
518 47
478 365
727 262
887 553
663 411
800 523
518 429
964 421
107 538
601 557
203 534
205 221
213 314
891 116
894 253
404 41
458 398
533 323
272 475
174 70
733 173
532 266
923 331
167 403
394 183
183 134
388 104
856 462
718 75
995 291
818 522
843 357
180 301
280 162
694 137
282 243
323 388
417 475
210 185
96 169
247 418
16 481
557 387
211 261
438 101
785 354
503 39
352 532
822 546
31 104
61 489
683 147
22 419
446 342
579 80
647 534
631 377
356 175
350 538
361 215
667 143
940 416
593 435
829 492
818 57
670 244
67 98
79 169
272 576
212 109
797 419
572 309
417 238
514 141
390 75
450 161
835 80
127 536
580 514
582 76
630 205
177 272
424 107
757 382
591 516
521 494
723 288
714 312
917 276
802 456
917 537
183 298
541 182
919 286
160 443
418 423
651 78
382 105
661 291
745 23
923 540
458 157
179 143
685 342
218 484
221 499
638 403
626 53
605 213
278 437
944 264
450 459
106 135
569 256
786 448
834 388
319 359
258 231
283 576
408 76
329 526
451 88
845 527
44 503
600 208
114 385
830 380
42 543
291 396
598 97
659 233
765 413
624 185
451 83
861 537
223 402
304 463
56 241
646 193
497 311
314 265
609 28
71 120
974 149
992 524
334 107
904 460
609 339
20 318
173 394
734 476
887 333
962 274
1001 509
934 64
673 23
1005 262
290 537
668 350
412 53
656 87
295 46
739 242
826 180
778 128
456 569
290 193
449 531
184 222
679 497
848 441
185 12
453 299
907 240
555 390
761 511
960 423
589 12
774 97
277 379
312 162
963 391
970 23
669 551
682 543
92 502
599 148
285 267
643 218
72 250
329 196
307 239
703 307
807 30
209 579
848 26
632 512
935 417
46 328
575 176
931 22
76 435
915 348
480 345
447 32
655 329
200 179
960 576
753 382
199 453
670 578
218 283
677 52
802 205
656 83
266 406
23 49
935 412
674 366
395 525
782 341
712 356
986 411
701 161
262 527
440 168
762 82
132 202
706 549
60 243
291 352
687 300
559 312
147 526
855 459
92 232
566 320
439 475
376 508
34 512
854 238
465 148
26 528
953 17
426 486
828 290
154 471
1002 393
39 125
760 43
585 385
271 539
632 425
521 16
664 64
460 549
839 30
117 185
337 202
412 50
898 191
455 273
574 493
740 435
424 574
323 357
252 315
974 410
118 324
706 87
865 350
198 86
906 322
468 93
200 203
980 533
936 212
129 45
630 460
22 312
189 520
877 165
749 387
219 563
169 563
463 87
985 276
716 448
867 581
36 277
880 247
144 333
270 30
148 153
953 421
849 105
326 530
477 523
400 408
757 208
435 317
577 465
777 31
134 180
217 442
610 551
82 255
731 304
837 250
147 503
24 319
831 193
542 441
321 347
819 216
486 400
197 413
574 115
95 358
517 210
769 480
383 71
775 59
18 174
888 394
305 543
892 108
157 143
264 440
275 144
371 199
236 345
558 156
437 210
333 484
936 304
975 578
848 114
252 478
184 510
841 362
947 574
441 204
70 340
397 361
682 47
836 184
150 161
623 581
943 417
435 354
953 35
21 250
978 559
405 574
228 15
387 536
878 153
98 460
347 131
28 541
993 203
842 299
158 53
625 464
240 117
798 180
209 165
812 438
824 313
168 373
282 528
126 71
197 230
923 164
449 174
468 268
791 10
483 470
674 27
864 262
983 167
922 266
300 28
197 45
770 296
155 66
731 316
111 495
235 231
447 62
960 518
24 345
124 459
518 319
510 330
527 192
863 13
503 226
87 317
266 352
956 251
804 261
512 284
595 269
843 569
325 482
772 224
377 195
826 224
588 158
96 84
647 448
464 371
101 108
745 99
222 125
678 199
291 480
755 462
831 560
743 69
225 532
479 451
309 372
312 229
460 217
827 443
262 547
76 85
656 83
540 271
420 97
639 322
306 516
412 481
812 229
111 533
408 405
453 68
710 73
429 462
69 174
95 110
446 299
505 531
882 516
795 319
242 261
749 345
648 414
420 433
135 364
315 559
16 531
155 534
428 488
710 50
734 481
719 371
787 492
21 318
247 119
790 202
69 267
848 311
519 361
991 480
693 126
11 482
889 489
249 250
560 19
789 53
659 23
293 270
710 150
17 512
25 47
261 212
165 250
622 151
195 256
152 325
738 492
492 436
220 239
922 539
595 549
890 321
121 172
598 75
312 167
603 153
157 457
241 258
867 43
817 307
295 28
764 244
944 429
478 248
812 520
759 80
930 535
559 463
651 555
697 17
506 281
194 500
62 430
797 267
193 321
805 334
322 196
255 431
724 412
329 447
947 456
921 416
556 491
747 112
455 573
148 184
642 27
439 414
667 22
527 492
669 410
82 254
799 559
156 385
960 187
957 319
307 514
687 214
180 195
964 58
776 17
411 202
348 80
20 472
981 452
690 173
693 206
459 457
1000 509
914 151
910 255
771 494
652 360
975 354
791 23
282 478
870 383
964 221
438 285
53 128
346 73
807 13
330 291
430 32
776 467
194 77
119 216
